0 7 11 2 23
0 14 0 2 152
0 6 0 0 72
0 19 0 0 6
0 20 3 0 164
0 15 0 0 4
0 15 11 0 3
0 13 5 0 68
0 13 1 0 83
0 16 4 0 88
0 9 0 2 3
0 6 0 0 0
0 22 0 2 58
0 10 0 0 0
0 5 7 0 122
0 20 2 0 64
0 16 0 0 85
0 23 0 0 354
0 21 4 0 3
0 3 0 2 183
0 5 11 0 0
0 7 0 0 24
0 5 0 1 278
0 23 12 2 1
0 6 0 1 250
0 11 12 0 56
0 10 4 2 11
0 9 11 2 175
0 13 9 2 151
0 5 6 0 484
0 8 0 2 142
0 3 1 0 3
0 18 0 2 2
0 6 0 2 2
0 3 0 2 47
0 24 0 0 38
0 12 3 0 195
0 15 9 0 2
0 10 6 1 42
0 4 3 1 376
0 12 0 0 3
0 23 4 2 261
0 3 8 2 367
0 11 5 0 2
0 19 0 0 269
0 17 12 2 110
0 18 0 2 2
0 4 2 0 1
0 4 7 2 259
0 21 0 0 238
0 16 2 1 118
0 24 0 0 133
0 6 7 2 14
0 23 6 0 270
0 6 0 0 165
0 8 7 2 334
0 18 0 0 1
0 16 6 2 0
0 16 0 0 136
0 11 12 0 99
0 18 0 0 167
0 19 0 0 1
0 5 0 2 3
0 3 10 1 105
0 19 12 0 493
0 10 0 2 0
0 12 0 0 176
0 5 9 0 1
0 21 3 0 463
0 10 6 0 30
0 15 3 0 147
0 9 0 0 0
0 19 7 0 184
0 12 0 0 469
0 7 0 0 174
0 8 0 1 172
0 19 0 0 137
0 5 6 0 127
0 5 10 2 130
0 21 0 1 0
0 19 0 0 27
0 14 0 0 177
0 12 7 0 0
0 24 11 0 37
0 13 0 0 3
0 10 0 0 202
0 9 2 1 82
0 5 6 0 195
0 11 0 1 0
0 13 10 0 348
0 20 0 0 3
0 6 7 0 183
0 11 1 2 131
0 8 5 0 0
0 15 12 0 158
0 20 0 0 148
0 20 5 2 85
0 19 7 0 0
0 21 0 0 217
0 16 0 0 372
0 8 12 0 0
0 23 0 0 53
0 19 4 1 147
0 11 6 0 14
0 12 0 0 126
0 4 0 0 246
0 4 4 0 184
0 8 0 1 130
0 18 6 0 186
0 19 0 0 114
0 22 0 0 171
0 20 0 2 36
0 5 0 1 171
0 20 1 0 121
0 10 2 1 373
0 19 0 2 86
0 5 0 2 167
0 22 0 1 277
0 24 0 0 189
0 3 0 0 3
0 22 0 0 353
0 14 0 0 467
0 22 4 0 276
0 12 1 0 1
0 3 0 1 181
0 11 0 0 431
0 21 0 0 4
0 9 0 0 2
0 3 0 0 1
0 6 0 2 199
0 20 5 1 1
0 14 11 0 104
0 3 0 2 85
0 3 0 1 2
0 24 0 2 1
0 23 0 2 46
0 22 3 0 151
0 18 2 0 140
0 17 0 0 86
0 8 0 0 47
0 10 5 0 237
0 17 2 0 408
0 20 6 0 146
0 8 0 0 6
0 15 0 2 462
0 15 0 2 241
0 21 12 0 182
0 12 0 1 3
0 19 0 0 344
0 7 1 0 67
0 11 7 0 156
0 21 0 0 17
0 3 0 0 112
0 19 12 0 0
0 11 8 0 2
0 4 0 0 1
0 22 9 0 1
0 14 0 0 51
0 7 10 0 362
0 7 11 1 391
0 11 7 0 3
0 4 0 0 3
0 19 5 0 208
0 6 12 0 3
0 14 0 0 0
0 18 5 0 1
0 22 0 0 164
0 13 0 2 114
0 17 0 0 1
0 18 0 2 206
0 8 0 1 363
0 13 0 0 103
0 24 2 2 139
0 3 7 2 345
0 20 5 0 23
0 3 0 2 421
0 19 2 1 2
0 10 3 0 218
0 10 3 0 72
0 6 0 0 99
0 3 6 0 164
0 11 0 0 0
0 9 12 2 45
0 10 5 0 3
0 23 3 2 434
0 18 2 0 165
0 20 0 0 132
0 22 0 0 3
0 16 11 0 1
0 20 0 0 2
0 4 0 2 115
0 3 3 0 1
0 22 4 0 313
0 19 7 2 3
0 7 5 0 480
0 23 3 1 35
0 22 3 0 176
0 23 6 0 0
0 22 10 0 130
0 18 1 0 100
0 19 0 2 154
0 14 0 0 1
0 23 0 0 2
0 11 0 0 195
0 22 12 0 0
0 3 4 2 7
0 4 0 1 253
0 9 8 1 152
0 5 0 0 456
0 5 0 2 3
0 20 9 2 481
0 20 0 0 326
0 21 7 0 0
0 13 10 2 25
0 18 11 0 2
0 14 0 2 118
0 10 3 0 2
0 18 7 1 397
0 23 9 1 1
0 22 0 0 2
0 5 0 0 300
0 24 0 2 1
0 4 0 0 18
0 5 4 0 164
0 8 0 0 62
0 24 0 2 368
0 19 0 0 0
0 23 0 0 1
0 14 0 0 477
0 6 3 0 0
0 22 10 2 9
0 20 0 1 158
0 24 9 0 144
0 13 12 1 108
0 21 0 2 83
0 8 3 0 123
0 8 0 2 0
0 17 7 0 78
0 10 4 1 43
0 6 0 1 405
0 21 7 2 256
0 19 0 2 396
0 10 0 2 252
0 6 0 0 348
0 9 4 0 76
0 23 7 0 364
0 22 9 0 3
0 19 0 2 325
0 14 11 0 480
0 3 3 0 104
0 10 9 0 3
0 10 10 2 174
0 14 0 0 1
0 3 0 2 1
0 9 0 0 29
0 8 2 0 0
0 15 1 0 115
0 10 0 0 148
0 23 0 1 1
0 3 0 0 0
0 13 0 0 172
0 6 1 0 258
0 9 0 1 22
0 15 0 1 3
0 13 8 2 94
0 20 0 0 1
0 9 7 2 158
0 18 10 0 1
0 11 0 0 124
0 23 8 0 0
0 13 11 0 84
0 8 9 0 75
0 17 2 0 1
0 8 7 0 189
0 5 0 0 200
0 10 8 1 3
0 6 9 0 12
0 3 8 2 6
0 20 7 0 448
0 6 0 0 24
0 22 2 0 69
0 18 0 2 143
0 19 0 0 3
0 17 5 1 132
0 12 5 0 163
0 10 0 1 150
0 6 0 2 2
0 8 0 0 345
0 5 8 1 435
0 3 2 0 85
0 9 0 0 128
0 4 5 0 1
0 21 0 2 1
0 17 11 0 113
0 12 0 0 149
0 23 5 2 44
0 21 6 0 44
0 18 0 0 114
0 4 12 0 2
0 24 0 0 19
0 5 3 0 0
0 23 4 0 22
0 20 5 0 60
0 18 7 0 156
0 10 5 0 44
0 22 0 2 82
0 4 7 0 2
0 17 0 0 0
0 10 0 2 335
0 8 0 0 335
0 16 1 2 121
0 3 0 0 51
0 14 0 2 254
0 24 0 0 0
0 20 12 2 249
0 9 7 0 3
0 8 0 1 132
0 3 0 0 74
0 10 3 0 103
0 22 0 0 213
0 3 3 0 14
0 9 0 0 279
0 22 0 1 2
0 17 7 0 73
0 22 5 0 326
0 6 1 0 2
0 5 0 0 0
0 19 0 0 100
0 9 0 2 1
0 6 0 2 0
0 22 12 2 0
0 24 2 0 160
0 4 5 0 1
0 7 6 2 88
0 19 8 0 197
0 3 0 0 470
0 14 11 2 3
0 3 6 2 68
0 4 8 0 355
0 22 0 0 412
0 4 0 1 3
0 23 3 0 186
0 11 0 0 1
0 5 0 0 16
0 3 0 0 1
0 4 7 2 2
0 14 0 0 146
0 13 5 0 271
0 13 0 0 3
0 3 5 0 81
0 17 7 1 1
0 17 5 2 3
0 13 5 2 90
0 14 0 0 3
0 15 0 2 0
0 21 6 2 58
0 8 1 0 112
0 12 0 1 160
0 12 9 1 122
0 15 10 0 24
0 12 7 1 0
0 7 0 1 180
0 18 0 2 8
0 6 0 0 177
0 14 8 0 0
0 20 0 1 3
0 4 0 0 149
0 5 5 2 3
0 8 1 0 6
0 8 0 0 108
0 19 12 0 196
0 13 0 0 7
0 22 0 1 447
0 8 1 0 52
0 10 0 2 143
0 9 12 0 2
0 5 12 2 100
0 16 0 2 0
0 13 0 1 162
0 21 0 2 115
0 10 0 0 2
0 11 7 0 1
0 18 0 2 1
0 13 3 1 490
0 19 0 0 105
0 10 0 0 120
0 17 0 0 148
0 18 9 2 183
0 3 6 0 237
0 14 9 0 132
0 17 0 0 8
0 5 2 2 92
0 22 0 0 428
0 8 4 2 171
0 14 0 0 2
0 18 0 0 233
0 14 0 0 200
0 24 7 2 172
0 6 5 0 8
0 12 0 1 499
0 21 0 0 2
0 20 0 0 24
0 20 0 0 82
0 20 0 0 173
0 19 9 0 3
0 13 0 2 88
0 14 0 0 448
0 13 0 0 0
0 12 2 2 1
0 12 9 0 97
0 15 0 0 2
0 24 2 0 2
0 15 11 2 72
0 7 3 0 148
0 23 7 0 49
0 5 9 2 6
0 18 0 0 71
0 17 0 0 54
0 4 0 0 329
0 3 10 2 476
0 7 0 0 315
0 24 5 0 3
0 6 5 0 67
0 13 12 0 2
0 10 7 0 173
0 14 3 0 65
0 8 0 0 1
0 15 0 1 3
0 9 0 1 56
0 14 0 0 153
0 18 0 2 0
0 13 12 0 154
0 3 8 0 115
0 12 0 0 77
0 14 0 2 202
0 17 7 0 59
0 6 9 2 139
0 19 5 0 485
0 8 0 2 47
0 19 0 2 147
0 6 4 0 114
0 13 0 0 169
0 17 0 0 95
0 7 0 0 2
0 4 0 0 48
0 12 1 0 118
0 12 0 0 44
0 6 0 2 3
0 3 5 0 0
0 11 0 2 117
0 17 9 0 90
0 10 0 2 419
0 6 0 0 175
0 6 0 0 2
0 6 0 0 91
0 4 0 0 2
0 11 0 0 96
0 10 0 1 36
0 9 4 0 265
0 22 0 2 1
0 17 5 2 425
0 20 0 0 190
0 8 0 0 85
0 15 11 0 345
0 22 0 0 394
0 17 0 2 1
0 17 0 1 434
0 18 3 1 462
0 23 1 2 0
0 19 5 0 437
0 12 0 0 52
0 14 0 0 251
0 6 12 1 98
0 5 1 0 3
0 8 8 2 237
0 9 11 0 124
0 7 0 0 49
0 17 0 2 140
0 18 0 2 2
0 10 0 0 396
0 8 7 2 21
0 9 0 2 391
0 23 0 0 144
0 17 0 2 18
0 13 7 0 158
0 5 0 0 36
0 3 7 0 269
0 7 0 0 185
0 24 0 2 1
0 11 1 0 110
0 13 0 0 12
0 16 0 0 96
0 7 8 0 31
0 11 9 0 0
0 6 0 0 397
0 22 0 0 374
0 9 2 0 353
0 18 8 0 143
0 21 0 2 84
0 14 0 0 142
0 24 4 0 14
0 17 0 0 383
0 18 5 0 3
0 16 7 2 199
0 24 0 0 50
0 13 0 0 195
0 13 0 0 177
0 16 0 0 3
0 18 6 2 114
0 16 0 0 2
0 12 0 1 3
0 10 7 0 0
0 16 1 0 31
0 9 0 2 1
0 9 6 2 50
0 5 6 0 164
0 7 0 0 114
0 6 0 0 172
0 16 1 0 51
0 11 0 0 1
0 23 8 0 1
0 7 3 0 161
0 13 7 0 36
0 16 0 0 38
0 10 0 0 196
0 10 0 1 88
0 8 0 0 2
0 22 11 2 354
0 17 8 0 0
0 22 4 0 2
0 5 0 0 436
0 22 0 1 2
0 4 0 2 190
0 19 0 0 84
0 9 0 2 1
0 22 0 0 37
0 13 9 1 0
0 8 7 1 0
0 22 6 2 64
0 7 10 0 200
0 15 5 0 47
0 19 5 2 213
0 23 9 2 457
0 18 0 0 84
0 12 0 1 146
0 15 0 2 71
0 13 0 0 1
0 3 0 1 193
0 7 0 2 44
0 22 0 0 384
0 22 6 2 196
0 17 8 0 487
0 16 3 0 119
0 18 4 0 0
0 20 8 0 41
0 4 0 1 412
0 10 0 2 65
0 10 0 1 276
0 12 8 0 7
0 8 0 0 1
0 13 4 0 186
0 7 7 0 2
0 10 4 2 175
0 13 2 0 273
0 15 12 0 414
0 18 0 0 460
0 3 0 2 171
0 23 11 1 101
0 23 2 0 91
0 4 5 0 331
0 14 0 0 312
0 4 6 0 278
0 6 0 0 60
0 19 8 0 246
0 17 1 1 10
0 14 0 0 1
0 7 0 0 475
0 5 0 0 1
0 16 7 0 154
0 14 0 0 2
0 22 1 0 125
0 16 1 0 1
0 7 0 0 33
0 9 0 0 80
0 12 0 2 3
0 17 11 0 28
0 8 0 2 1
0 16 5 0 132
0 21 0 2 2
0 5 8 0 146
0 23 0 0 139
0 5 0 2 82
0 12 0 0 0
0 24 4 0 102
0 12 12 1 308
0 10 5 0 166
0 7 2 2 1
0 17 2 2 113
0 11 2 1 254
0 14 0 0 166
0 11 0 0 1
0 11 0 0 110
0 6 0 0 129
0 4 8 0 387
0 13 7 2 76
0 20 11 0 322
0 10 12 0 186
0 8 8 2 24
0 9 12 2 146
0 10 12 0 1
0 9 1 0 0
0 17 0 0 89
0 11 7 0 105
0 21 0 2 84
0 13 1 1 28
0 9 0 0 132
0 16 3 0 137
0 24 3 0 2
0 12 5 1 0
0 13 0 0 225
0 18 0 0 3
0 10 0 0 3
0 21 7 2 1
0 12 0 2 242
0 24 2 0 25
0 24 0 2 1
0 15 12 1 2
0 14 8 2 1
0 10 8 0 2
0 10 0 1 413
0 23 0 2 184
0 13 0 0 2
0 21 9 2 207
0 4 0 1 129
0 4 0 0 197
0 12 0 0 78
0 7 10 0 7
0 20 0 0 123
0 23 6 2 406
0 11 2 0 113
0 16 8 0 170
0 4 7 0 45
0 4 0 0 1
0 7 0 0 165
0 10 0 0 155
0 12 0 0 76
0 15 9 0 140
0 17 9 0 498
0 9 0 0 3
0 22 9 0 0
0 15 0 0 182
0 13 0 0 405
0 14 3 0 185
0 11 0 0 2
0 13 1 0 110
0 3 0 0 0
0 7 0 0 2
0 15 0 1 212
0 8 0 2 1
0 24 0 0 2
0 3 5 0 218
0 19 0 0 228
0 19 4 0 128
0 9 9 2 97
0 24 0 0 78
0 9 6 2 2
0 9 0 2 80
0 4 7 0 1
0 19 0 0 0
0 9 4 0 3
0 17 11 0 174
0 17 5 2 196
0 15 1 0 0
0 4 0 2 212
0 21 5 1 57
0 11 12 0 80
0 8 0 1 219
0 16 0 2 261
0 12 12 0 1
0 12 7 1 0
0 23 0 0 0
0 24 0 0 2
0 23 0 2 73
0 20 2 0 2
0 17 0 0 23
0 12 3 1 432
0 23 6 0 169
0 7 12 2 66
0 12 0 0 74
0 10 0 2 108
0 18 0 0 179
0 16 8 2 159
0 3 9 0 104
0 6 0 0 63
0 15 0 1 54
0 9 0 0 122
0 13 1 0 1
0 12 0 1 29
0 4 0 0 148
0 13 0 0 2
0 7 2 0 32
0 18 0 0 109
0 21 7 0 45
0 13 0 0 3
0 15 0 0 1
0 20 0 0 444
0 7 12 2 1
0 16 2 0 48
0 24 12 0 1
0 3 0 2 93
0 9 0 0 2
0 15 12 1 416
0 8 3 0 0
0 18 1 0 12
0 16 7 0 9
0 16 0 0 0
0 11 0 0 129
0 22 7 0 3
0 7 0 0 191
0 13 11 0 434
0 13 4 2 180
0 10 0 0 195
0 24 10 0 89
0 13 0 0 69
0 22 6 0 2
0 10 0 2 222
0 7 9 0 23
0 9 0 2 1
0 5 2 0 259
0 5 0 2 393
0 13 0 0 427
0 21 0 1 2
0 5 11 2 2
0 23 1 0 405
0 15 0 0 106
0 13 0 2 128
0 15 0 0 2
0 3 0 0 452
0 10 0 0 1
0 11 10 0 68
0 17 7 0 39
0 7 0 2 179
0 22 0 0 113
0 5 10 0 3
0 14 0 0 94
0 19 0 0 0
0 7 0 2 2
0 9 4 0 271
0 15 8 0 261
0 9 0 0 3
0 3 0 0 1
0 9 4 1 371
0 3 0 0 311
0 10 0 0 296
0 12 0 2 465
0 19 11 0 472
0 17 6 1 374
0 9 4 0 2
0 8 0 0 3
0 7 9 0 147
0 6 0 0 40
0 8 0 0 2
0 9 2 0 2
0 10 0 2 341
0 14 0 2 95
0 13 7 2 1
0 16 0 0 15
0 5 10 0 74
0 12 0 2 71
0 6 0 0 83
0 19 0 0 103
0 13 9 1 50
0 22 8 0 1
0 6 4 2 44
0 14 0 2 368
0 5 0 0 0
0 16 0 2 434
0 16 0 2 418
0 21 3 0 334
0 6 0 1 133
0 8 0 0 2
0 18 4 0 2
0 11 10 2 84
0 5 0 0 135
0 4 6 0 79
0 10 4 0 198
0 19 0 2 54
0 19 0 2 23
0 11 0 0 3
0 17 11 0 20
0 23 0 0 169
0 18 7 0 1
0 20 0 0 442
0 9 0 0 441
0 17 8 0 236
0 5 10 0 165
0 18 0 0 169
0 14 0 2 0
0 4 8 0 25
0 7 0 0 65
0 4 7 2 317
0 8 0 1 57
0 20 0 0 0
0 7 0 0 304
0 20 0 0 70
0 4 2 2 2
0 15 11 2 184
0 4 0 2 2
0 18 0 2 298
0 8 0 2 5
0 11 0 0 110
0 23 1 1 2
0 15 2 0 28
0 3 0 2 207
0 24 7 0 124
0 11 5 0 8
0 8 0 1 2
0 9 6 2 2
0 21 0 0 20
0 17 5 0 418
0 16 8 1 164
0 10 9 2 2
0 14 8 0 89
0 10 0 2 3
0 16 7 0 275
0 4 10 1 2
0 19 2 0 95
0 4 0 0 277
0 5 10 0 76
0 4 0 0 2
0 10 1 0 26
0 10 0 0 38
0 22 0 2 2
0 10 0 2 159
0 8 9 0 38
0 9 0 2 0
0 17 0 0 15
0 8 8 2 165
0 9 0 0 40
0 22 4 0 1
0 10 0 0 2
0 7 0 0 210
0 17 0 1 0
0 5 9 0 77
0 11 8 0 188
0 12 5 0 363
0 15 0 1 59
0 8 0 2 44
0 15 0 0 80
0 16 0 0 117
0 19 0 1 23
0 17 0 0 195
0 5 0 0 2
0 18 0 2 478
0 8 0 0 18
0 4 0 2 3
0 3 0 2 276
0 10 3 0 29
0 19 9 0 32
0 17 0 0 177
0 7 4 0 0
0 11 0 0 68
0 12 0 2 248
0 17 0 0 453
0 23 0 1 55
0 16 4 2 90
0 3 0 0 234
0 22 9 0 2
0 19 3 2 374
0 24 3 0 89
0 7 6 0 9
0 8 0 0 99
0 6 1 2 32
0 24 0 2 127
0 19 0 2 200
0 18 0 2 3
0 7 0 0 87
0 13 0 2 115
0 19 5 2 1
0 21 0 2 0
0 9 5 0 64
0 4 7 2 235
0 12 1 0 3
0 3 6 0 3
0 19 7 0 192
0 18 0 1 68
0 7 4 1 4
0 17 0 0 0
0 14 2 2 2
0 5 0 2 87
0 20 0 0 99
0 19 10 2 2
0 12 5 1 165
0 19 6 0 2
0 6 3 0 245
0 19 4 0 29
0 6 0 1 148
0 13 0 0 157
0 13 0 2 91
0 6 10 1 22
0 20 0 2 96
0 24 0 0 102
0 6 2 0 132
0 13 4 0 86
0 3 0 0 40
0 11 9 0 69
0 21 0 0 145
0 19 9 2 0
0 5 9 1 108
0 7 4 0 121
0 19 0 2 46
0 13 7 0 115
0 5 0 0 0
0 11 11 2 346
0 20 0 0 15
0 19 0 2 2
0 24 3 0 2
0 9 0 0 196
0 11 0 0 1
0 14 5 2 2
0 8 3 0 114
0 22 0 0 91
0 6 10 0 83
0 6 0 0 280
0 4 10 1 122
0 16 1 0 47
0 3 2 0 330
0 14 0 0 123
0 4 1 2 152
0 13 9 0 246
0 18 0 0 41
0 24 6 0 45
0 13 0 0 129
0 14 9 0 1
0 23 1 0 0
0 11 1 1 133
0 16 0 0 407
0 3 0 0 70
0 21 9 0 122
0 22 0 1 0
0 9 7 0 160
0 17 4 0 7
0 10 2 0 156
0 21 0 1 10
0 6 5 2 2
0 8 0 1 429
0 22 8 0 256
0 23 0 0 1
0 3 0 0 2
0 4 9 1 1
0 18 0 0 3
0 7 0 0 107
0 3 3 0 33
0 23 8 2 17
0 22 0 0 0
0 11 0 0 158
0 15 0 2 186
0 11 0 2 86
0 10 11 0 6
0 21 7 2 96
0 20 0 0 56
0 8 8 0 244
0 17 6 0 25
0 5 0 0 0
0 24 8 2 363
0 16 0 0 124
0 21 0 0 157
0 5 11 0 376
0 16 2 0 398
0 4 9 0 476
0 9 4 2 493
0 14 7 0 262
0 16 0 0 234
0 14 7 2 492
0 14 0 0 94
0 21 11 0 208
0 8 2 2 211
0 17 0 0 131
0 3 0 2 64
0 18 0 2 136
0 22 0 0 161
0 5 0 0 0
0 9 9 0 223
0 5 5 2 48
0 23 9 0 3
0 22 1 0 0
0 3 0 0 407
0 3 3 0 487
0 23 2 2 49
0 8 0 0 0
0 12 0 1 26
0 24 7 0 1
0 3 6 2 110
0 6 4 2 2
0 15 0 0 1
0 24 0 0 143
0 11 0 2 2
0 17 4 1 170
0 9 4 0 400
0 24 0 0 65
0 9 0 2 200
0 4 5 0 85
0 4 9 0 7
0 19 6 0 2
0 14 8 0 459
0 13 7 1 11
0 9 0 0 3
0 16 4 2 131
0 19 0 0 178
0 24 0 0 172
0 8 6 0 203
0 19 0 1 96
0 4 1 0 165
0 19 6 0 3
0 12 6 0 3
0 24 9 0 269
0 22 0 0 22
0 20 0 2 140
0 18 0 0 450
0 10 8 0 51
0 6 6 1 8
0 19 0 0 121
0 4 0 0 31
0 8 0 2 144
0 8 6 2 435
0 12 0 1 495
0 5 10 0 34
0 12 0 1 6
0 8 8 2 163
0 11 1 0 394
0 21 8 0 89
0 23 8 0 147
0 10 0 1 2
0 4 0 2 435
0 19 0 1 117
0 22 0 1 196
0 3 0 0 0
0 21 12 0 84
0 20 0 2 383
0 8 0 0 45
0 3 10 0 367
0 19 0 0 475
0 7 0 1 2
0 8 11 2 12
0 24 0 0 187
0 15 5 0 2
0 17 11 0 128
0 5 6 2 1
0 4 0 0 139
0 21 4 0 1
0 10 3 0 162
0 18 3 2 42
0 19 0 0 1
0 4 8 2 187
0 11 5 0 324
0 12 0 0 287
0 21 0 0 2
0 23 0 0 188
0 22 3 0 127
0 4 0 0 174
0 18 0 0 67
0 21 0 2 153
0 17 11 0 400
0 18 0 0 58
0 3 5 2 1
0 15 0 2 0
0 24 7 2 421
0 19 7 2 22
0 17 1 2 2
0 18 0 0 9
0 21 0 0 103
0 12 3 0 53
0 24 10 0 0
0 11 1 0 75
0 7 9 1 19
0 4 7 0 265
0 24 0 0 197
0 8 0 0 113
0 6 1 0 167
0 22 0 0 78
0 24 1 2 459
0 24 4 0 1
0 18 0 0 7
0 7 0 0 142
0 18 0 0 321
0 5 7 0 1
0 10 9 0 2
0 16 0 0 2
0 17 1 2 4
0 22 3 0 149
0 18 0 2 59
0 5 0 2 96
0 18 11 2 91
0 16 2 0 460
0 10 0 0 324
0 17 0 0 58
0 3 0 0 1
0 21 7 2 95
0 20 2 0 414
0 14 0 1 301
0 14 8 0 44
0 21 0 2 3
0 17 0 2 208
0 8 0 2 476
0 18 0 2 2
0 24 7 2 113
0 9 11 0 99
0 7 0 0 84
0 24 7 2 2
0 11 9 0 186
0 9 0 1 2
0 18 0 0 138
0 24 0 0 27
0 18 0 0 178
0 10 0 2 0
0 11 0 2 2
0 16 0 0 176
0 13 0 2 3
0 8 0 0 1
0 22 0 2 119
0 6 11 0 243
0 11 0 0 26
0 6 12 2 137
0 16 0 0 259
0 17 9 2 65
0 22 12 0 65
0 22 0 2 0
0 14 11 1 2
0 20 11 0 384
0 21 7 0 0
0 20 0 1 2
0 15 9 2 2
0 14 0 0 1
0 14 4 1 3
0 10 0 2 3
0 17 4 2 47
0 19 0 0 442
0 14 5 0 58
0 19 0 2 90
0 7 0 0 10
0 19 0 0 258
0 5 3 1 2
0 17 0 0 458
0 8 0 1 85
0 23 3 2 16
0 24 0 0 415
0 14 6 0 162
0 9 0 0 1
0 24 0 0 0
0 7 0 0 0
0 16 10 0 1
0 20 11 0 147
0 20 11 0 136
0 23 11 2 1
0 5 0 2 160
0 6 0 0 117
0 16 0 2 1
0 7 4 0 139
0 23 0 0 2
0 7 6 2 334
0 11 0 2 25
0 11 5 1 1
0 7 7 0 439
0 13 0 1 326
0 6 11 0 0
0 17 0 0 162
0 12 4 1 47
0 9 0 0 2
0 3 8 2 15
0 6 11 0 458
0 3 1 0 80
0 11 7 2 121
0 10 8 0 1
0 9 4 0 0
0 11 0 1 405
0 9 0 2 196
0 23 0 0 310
0 15 0 0 316
0 10 0 0 174
0 16 0 2 78
0 4 0 1 2
0 16 0 2 3
0 9 0 0 2
0 24 0 0 185
0 24 1 0 180
0 18 11 0 95
0 14 1 0 3
0 15 0 0 22
0 8 0 0 88
0 15 0 0 2
0 7 3 2 472
0 12 0 2 369
0 16 3 0 159
0 6 0 2 42
0 22 0 0 0
0 12 11 0 2
0 23 0 0 0
0 12 12 1 0
0 7 10 2 3
0 18 2 0 51
0 7 0 0 47
0 7 0 0 432
0 3 1 1 3
0 9 0 0 2
0 18 0 0 124
0 23 0 0 39
0 17 11 0 112
0 20 1 0 111
0 15 0 0 412
0 15 10 2 353
0 5 0 0 409
0 12 0 0 434
0 14 8 0 112
0 3 0 2 169
0 3 0 0 2
0 4 0 0 172
0 12 12 1 474
0 8 9 0 62
0 8 7 0 0
0 17 7 2 56
0 4 1 0 113
0 6 10 0 3
0 19 9 2 471
0 24 0 1 0
0 5 6 0 148
0 4 0 2 21
0 3 4 2 2
0 5 12 0 32
0 11 0 0 402
0 14 0 2 1
0 6 0 0 1
0 16 0 0 436
0 3 5 1 64
0 18 0 0 143
0 3 11 0 2
0 11 2 0 308
0 4 0 2 58
0 19 12 0 314
0 11 0 0 143
0 14 0 0 419
0 16 0 0 2
0 13 10 0 477
0 16 9 2 100
0 21 0 1 41
0 21 0 0 3
0 22 0 0 3
0 22 0 0 388
0 5 0 0 38
0 12 0 2 194
0 14 5 1 55
0 11 11 0 137
0 10 8 0 22
0 14 0 2 467
0 8 0 1 32
0 6 0 0 0
0 13 8 0 275
0 24 6 0 2
0 21 10 0 5
0 4 0 0 2
0 3 8 0 14
0 3 0 0 173
0 18 7 0 72
0 17 3 0 314
0 6 0 0 2
0 19 0 0 3
0 19 1 2 1
0 13 0 0 71
0 9 0 2 416
0 24 12 2 210
0 19 0 0 164
0 12 0 2 64
0 24 5 2 161
0 23 0 0 161
0 17 2 2 0
0 4 10 0 2
0 5 4 0 1
0 24 1 0 28
0 15 5 0 13
0 9 7 0 431
0 8 0 2 0
0 8 0 1 36
0 16 0 2 19
0 7 11 0 19
0 13 0 0 2
0 8 0 0 116
0 5 2 2 60
0 14 6 2 2
0 24 3 2 87
0 11 0 0 52
0 14 8 0 140
0 21 0 0 0
0 7 12 1 400
0 18 1 0 36
0 11 9 0 289
0 6 10 0 0
0 6 0 0 104
0 7 0 2 270
0 20 0 1 353
0 22 4 2 170
0 8 0 0 36
0 3 12 0 430
0 6 9 0 453
0 7 1 0 292
0 24 12 2 2
0 6 0 0 14
0 4 8 2 122
0 20 5 0 205
0 19 0 1 2
0 10 11 0 151
0 13 0 0 50
0 12 5 0 143
0 15 0 2 178
0 6 0 1 142
0 23 2 0 327
0 7 0 2 241
0 17 7 2 409
0 5 4 2 146
0 14 3 0 150
0 19 0 1 326
0 24 0 0 102
1 20 48 0 92
1 40 8 0 85
1 19 11 2 219
1 28 80 4 205
1 18 11 0 82
1 33 11 4 210
1 25 1 2 123
1 29 4 0 36
1 18 44 1 3
1 24 4 3 3
1 31 33 0 124
1 21 78 3 19
1 24 56 2 12
1 24 48 2 0
1 39 2 0 3
1 28 8 0 83
1 22 8 3 3
1 37 11 3 0
1 38 7 3 1
1 26 5 4 137
1 22 2 3 68
1 24 75 1 282
1 36 11 4 214
1 39 4 4 0
1 37 81 0 8
1 27 31 0 2
1 19 3 0 0
1 16 10 1 242
1 27 13 4 389
1 22 79 2 171
1 25 2 0 0
1 16 81 4 165
1 27 39 4 183
1 20 9 3 378
1 14 9 1 105
1 34 57 0 345
1 32 11 0 124
1 36 79 4 0
1 30 12 4 77
1 29 68 0 33
1 39 81 3 145
1 23 49 2 72
1 34 51 1 17
1 33 3 2 140
1 37 32 3 3
1 22 22 0 227
1 40 10 4 1
1 16 81 3 194
1 24 71 0 164
1 14 1 0 216
1 31 93 2 364
1 18 97 3 53
1 23 70 2 175
1 15 60 0 1
1 29 92 2 481
1 39 6 2 88
1 14 5 0 3
1 19 37 0 12
1 40 46 2 263
1 31 8 4 1
1 21 8 3 0
1 33 12 0 94
1 15 27 1 20
1 22 29 3 1
1 24 10 4 146
1 25 1 0 413
1 39 28 0 19
1 15 11 0 208
1 15 8 4 3
1 14 6 2 100
1 26 8 2 133
1 24 4 2 0
1 39 8 3 143
1 19 38 4 147
1 18 83 0 253
1 35 42 1 302
1 17 8 2 246
1 20 2 0 170
1 18 46 0 152
1 32 3 0 3
1 18 72 0 101
1 17 81 2 145
1 24 34 1 314
1 19 8 4 157
1 33 7 0 1
1 27 20 1 3
1 36 1 3 37
1 34 4 3 51
1 31 3 1 365
1 34 12 4 3
1 22 51 0 187
1 25 11 4 133
1 25 49 0 83
1 35 7 4 97
1 26 58 3 204
1 24 8 0 366
1 18 10 0 71
1 21 12 0 327
1 19 8 0 3
1 38 50 0 170
1 21 23 2 373
1 38 97 4 198
1 35 42 3 143
1 38 84 4 394
1 18 70 4 275
1 24 1 4 0
1 30 55 0 158
1 22 18 1 165
1 31 6 0 28
1 38 38 3 11
1 31 12 3 221
1 34 75 0 76
1 14 54 2 89
1 21 6 0 13
1 22 11 0 1
1 37 27 0 89
1 22 1 0 372
1 29 8 2 345
1 16 65 2 0
1 25 2 0 2
1 28 81 0 1
1 66 34 2 0
1 25 41 0 481
1 18 62 3 88
1 39 93 0 0
1 21 29 4 176
1 21 9 2 336
1 32 6 0 186
1 24 43 3 113
1 19 33 0 97
1 61 70 2 319
1 28 8 0 1
1 26 10 3 313
1 37 89 0 0
1 17 12 0 299
1 31 12 4 2
1 36 2 0 48
1 16 6 0 2
1 26 12 4 259
1 39 10 3 2
1 22 64 0 70
1 37 36 3 156
1 35 2 0 1
1 39 79 3 3
1 29 6 0 3
1 22 18 0 0
1 23 32 4 181
1 16 7 0 145
1 35 83 3 0
1 22 7 3 0
1 26 10 0 0
1 21 10 2 444
1 37 4 0 2
1 40 2 0 44
1 32 12 3 172
1 17 7 4 1
1 42 8 4 92
1 38 8 3 9
1 15 8 1 20
1 40 56 3 112
1 35 41 4 1
1 18 10 3 3
1 23 2 0 359
1 19 8 2 155
1 22 10 0 277
1 18 1 0 129
1 34 3 3 2
1 30 44 0 299
1 34 11 0 77
1 36 1 3 91
1 14 12 0 2
1 32 84 0 148
1 32 5 0 198
1 40 42 2 281
1 14 96 1 94
1 21 23 4 142
1 28 5 0 88
1 32 45 4 184
1 34 1 0 381
1 25 5 0 3
1 20 7 4 387
1 30 92 3 345
1 14 12 2 3
1 22 67 0 83
1 35 27 0 0
1 15 58 0 3
1 17 2 4 0
1 28 8 1 144
1 40 34 0 3
1 40 54 3 78
1 14 72 3 320
1 21 15 3 2
1 18 1 0 3
1 15 96 3 268
1 16 10 4 85
1 26 96 3 259
1 32 92 1 205
1 16 1 3 466
1 17 84 3 361
1 25 2 4 78
1 37 37 2 2
1 38 22 3 2
1 35 7 0 1
1 21 11 0 255
1 30 6 0 254
1 35 21 0 455
1 32 11 2 0
1 40 6 0 105
1 38 93 0 493
1 38 8 4 1
1 21 63 0 314
1 28 9 0 352
1 33 6 2 180
1 31 9 4 471
1 31 2 0 2
1 38 3 0 227
1 40 17 2 75
1 37 6 3 41
1 33 65 2 1
1 20 36 3 113
1 34 77 3 49
1 18 32 1 3
1 27 8 0 69
1 15 9 2 2
1 14 48 3 338
1 29 5 3 181
1 29 70 4 0
1 19 11 1 162
1 35 56 0 265
1 23 21 0 0
1 36 5 0 187
1 39 44 0 95
1 40 15 2 1
1 21 5 0 2
1 21 80 3 2
1 40 89 3 45
1 27 8 4 3
1 29 55 4 369
1 14 5 2 241
1 25 6 0 14
1 19 3 3 66
1 28 22 0 73
1 30 3 0 108
1 37 2 0 33
1 14 3 0 149
1 31 10 2 482
1 26 5 4 68
1 26 31 1 153
1 21 50 3 435
1 36 18 0 378
1 15 6 0 88
1 21 44 1 69
1 14 87 1 277
1 25 7 3 93
1 21 5 1 1
1 39 3 4 187
1 15 5 0 89
1 19 11 0 346
1 23 44 0 175
1 31 10 4 154
1 31 75 3 69
1 20 34 0 74
1 17 10 3 473
1 20 64 3 2
1 22 6 0 2
1 25 52 0 184
1 25 7 0 33
1 27 77 2 2
1 26 28 4 178
1 31 7 3 167
1 14 12 0 422
1 39 1 0 128
1 89 55 2 351
1 20 22 0 57
1 19 5 0 412
1 40 12 0 1
1 32 2 1 165
1 20 10 2 3
1 30 98 0 337
1 35 2 1 2
1 39 24 2 172
1 24 12 0 3
1 17 92 2 2
1 36 6 0 2
1 35 32 3 1
1 39 10 2 0
1 15 3 0 51
1 22 4 0 218
1 67 34 0 30
1 40 22 4 2
1 24 4 2 116
1 25 9 1 13
1 35 41 4 193
1 24 3 0 244
1 27 12 0 160
1 26 1 0 151
1 36 32 2 243
1 18 73 3 164
1 22 8 3 56
1 30 14 1 27
1 37 46 0 238
1 21 6 0 3
1 21 7 4 146
1 32 82 0 1
1 18 8 1 1
1 21 7 0 170
1 53 7 0 73
1 40 36 0 150
1 36 11 2 20
1 35 3 0 83
1 21 3 4 163
1 19 3 0 0
1 17 4 3 6
1 25 2 0 146
1 19 3 3 10
1 19 12 0 127
1 35 16 0 5
1 25 7 2 145
1 31 60 3 16
1 14 1 0 325
1 20 56 4 56
1 24 17 0 483
1 21 91 0 0
1 24 4 0 81
1 40 87 0 81
1 15 98 0 54
1 23 75 2 66
1 18 81 4 38
1 23 4 0 160
1 15 7 4 130
1 18 4 4 42
1 28 10 4 195
1 23 4 0 46
1 15 72 3 177
1 31 74 2 0
1 16 34 3 52
1 30 1 0 2
1 17 9 4 182
1 24 2 1 41
1 16 2 1 118
1 25 12 3 473
1 24 91 0 129
1 40 62 2 83
1 31 6 4 187
1 32 5 4 271
1 32 94 2 225
1 33 43 3 151
1 35 54 0 3
1 20 74 1 282
1 24 24 4 158
1 15 9 0 0
1 17 6 3 29
1 39 9 3 53
1 30 9 1 311
1 25 45 1 19
1 27 41 0 294
1 38 4 3 2
1 18 71 0 151
1 39 43 3 188
1 39 96 3 0
1 20 4 3 2
1 33 92 0 176
1 33 42 3 0
1 20 10 0 193
1 34 28 0 1
1 39 2 2 2
1 33 5 0 204
1 16 10 3 98
1 20 14 0 0
1 22 62 0 285
1 22 11 0 355
1 23 61 4 82
1 15 1 2 40
1 29 98 2 202
1 39 82 2 9
1 23 2 2 2
1 29 97 3 91
1 37 59 0 160
1 17 47 3 1
1 33 2 0 156
1 26 40 0 76
1 30 2 0 97
1 38 7 0 45
1 24 6 0 28
1 20 9 3 405
1 26 53 2 129
1 19 54 0 152
1 23 48 0 220
1 21 73 1 3
1 17 39 0 174
1 30 1 0 0
1 18 12 3 1
1 37 6 4 315
1 26 12 0 3
1 19 92 0 2
1 23 99 2 48
1 26 5 4 381
1 38 71 2 9
1 24 52 1 141
1 23 28 0 94
1 24 78 2 174
1 25 2 3 186
1 14 7 4 417
1 24 20 4 1
1 20 89 4 75
1 31 3 4 109
1 28 1 4 2
1 31 8 0 2
1 19 11 4 114
1 22 46 3 129
1 16 9 0 3
1 32 83 2 222
1 19 2 2 126
1 15 2 2 374
1 39 84 2 188
1 24 95 0 193
1 22 36 2 98
1 14 81 3 10
1 22 64 0 310
1 26 9 1 304
1 37 3 1 164
1 18 72 2 0
1 14 12 0 3
1 28 8 0 2
1 33 5 2 3
1 36 75 4 376
1 25 79 3 1
1 32 1 4 0
1 20 4 0 0
1 38 42 3 11
1 34 8 0 334
1 21 11 4 302
1 24 10 0 0
1 16 88 0 3
1 15 12 3 2
1 38 4 0 358
1 29 82 0 115
1 16 11 2 113
1 23 6 2 190
1 40 57 0 93
1 35 89 4 1
1 26 59 0 480
1 17 86 3 0
1 19 6 4 483
1 19 84 0 48
1 23 71 4 69
1 25 2 4 3
1 36 9 4 13
1 33 1 0 5
1 21 18 2 183
1 18 7 0 89
1 17 94 1 16
1 19 7 1 175
1 17 3 3 411
1 22 1 4 2
1 31 85 0 5
1 32 7 2 1
1 40 3 0 37
1 25 86 0 179
1 24 18 3 2
1 38 3 4 137
1 20 85 0 56
1 22 5 2 60
1 14 62 0 0
1 30 2 0 1
1 23 6 3 150
1 37 6 4 16
1 27 12 0 146
1 37 8 4 48
1 35 1 2 156
1 29 64 4 445
1 25 2 4 2
1 24 79 0 62
1 33 7 2 2
1 39 1 0 2
1 17 12 0 175
1 36 54 4 94
1 19 72 0 358
1 33 8 0 283
1 35 9 1 0
1 37 2 3 1
1 17 3 3 96
1 28 1 0 195
1 32 11 0 183
1 25 2 0 186
1 34 9 3 3
1 31 91 2 42
1 14 2 2 1
1 23 9 0 206
1 37 10 0 258
1 22 40 0 2
1 26 11 1 0
1 33 2 0 279
1 23 2 3 2
1 18 79 3 95
1 31 10 4 2
1 30 80 1 328
1 16 9 0 223
1 28 3 1 38
1 40 7 4 182
1 39 42 0 1
1 24 9 2 0
1 14 4 0 12
1 16 4 1 68
1 30 10 0 408
1 22 79 0 0
1 26 36 0 211
1 35 3 0 3
1 21 7 0 99
1 33 3 0 64
1 39 7 3 135
1 27 59 0 3
1 22 6 4 49
1 14 16 0 163
1 35 7 0 1
1 24 12 0 3
1 25 97 0 165
1 27 57 1 364
1 32 36 0 102
1 36 9 0 193
1 27 1 2 155
1 35 8 0 103
1 38 23 0 131
1 20 23 4 184
1 34 2 3 104
1 31 39 0 176
1 15 6 3 499
1 40 1 3 200
1 37 4 4 187
1 23 2 4 40
1 23 14 0 438
1 24 8 0 165
1 14 16 4 2
1 24 11 3 3
1 21 6 0 25
1 21 9 0 2
1 18 1 2 281
1 21 5 3 111
1 16 36 0 477
1 31 10 2 80
1 14 3 3 283
1 28 4 1 16
1 20 60 2 4
1 25 2 3 12
1 26 1 3 155
1 30 1 0 143
1 31 9 2 75
1 34 1 1 293
1 22 48 0 286
1 31 7 0 40
1 51 6 0 376
1 39 5 3 6
1 24 4 0 294
1 14 46 0 186
1 20 10 3 88
1 30 4 4 84
1 21 10 0 60
1 31 3 3 80
1 22 91 0 1
1 14 23 4 2
1 22 63 3 124
1 54 4 0 2
1 25 12 3 105
1 28 6 0 457
1 14 1 0 376
1 21 25 4 129
1 18 1 4 45
1 21 83 0 34
1 22 24 4 373
1 32 9 4 11
1 16 78 0 28
1 19 11 0 10
1 14 12 4 70
1 22 62 3 0
1 40 4 0 296
1 38 2 1 49
1 25 95 0 140
1 20 6 0 158
1 20 89 0 140
1 29 49 2 126
1 19 97 4 106
1 16 47 0 48
1 16 12 3 12
1 19 5 3 313
1 25 41 0 54
1 30 10 0 133
1 37 3 0 237
1 35 97 2 368
1 40 86 4 142
1 23 9 1 78
1 18 48 0 1
1 18 63 1 65
1 39 91 2 183
1 19 23 0 39
1 24 10 0 1
1 26 70 0 2
1 28 10 3 37
1 33 55 0 123
1 40 4 3 0
1 21 4 0 1
1 17 1 2 32
1 30 1 0 3
1 24 3 3 402
1 14 2 4 3
1 26 4 0 99
1 16 67 3 3
1 29 2 0 41
1 24 54 2 3
1 20 9 2 12
1 19 8 3 1
1 38 12 1 345
1 29 10 0 36
1 28 3 0 3
1 23 11 0 0
1 31 33 0 3
1 31 93 3 0
1 39 7 0 2
1 17 75 2 134
1 29 60 0 411
1 33 2 0 1
1 25 79 0 72
1 35 10 0 2
1 28 8 0 13
1 31 10 2 136
1 14 4 2 72
1 39 1 0 413
1 26 6 0 1
1 20 12 0 3
1 31 77 0 1
1 35 46 0 3
1 25 5 4 2
1 29 57 0 2
1 26 77 4 48
1 38 70 4 179
1 14 62 4 30
1 19 29 1 1
1 36 19 0 339
1 33 10 0 3
1 30 12 4 478
1 30 58 0 1
1 18 9 0 321
1 32 89 0 2
1 37 48 0 61
1 18 4 2 3
1 25 11 4 392
1 30 2 1 2
1 19 1 3 88
1 19 8 2 3
1 24 8 0 2
1 31 12 3 85
1 39 7 0 3
1 26 2 0 88
1 36 9 0 162
1 23 7 0 162
1 37 39 4 2
1 15 46 0 0
1 22 6 2 70
1 19 10 4 3
1 17 3 0 65
1 22 7 0 369
1 25 30 4 3
1 20 6 0 275
1 26 1 0 112
1 22 2 0 410
1 27 9 0 39
1 35 14 2 98
1 22 80 3 15
1 35 20 0 122
1 27 27 0 498
1 30 4 0 186
1 14 12 0 3
1 40 1 3 31
1 35 2 4 1
1 16 32 3 197
1 38 2 3 194
1 29 6 0 2
1 23 6 0 75
1 39 84 4 2
1 33 20 4 98
1 30 71 2 344
1 30 10 0 3
1 33 1 4 3
1 14 8 2 332
1 14 2 3 1
1 33 6 1 71
1 15 80 0 97
1 21 8 2 162
1 28 59 4 72
1 39 42 3 69
1 22 4 4 142
1 30 3 2 103
1 33 12 0 0
1 16 10 3 118
1 30 4 0 1
1 30 11 3 144
1 14 72 4 117
1 32 2 1 0
1 25 41 0 204
1 30 5 4 58
1 37 2 0 1
1 28 8 4 161
1 25 11 2 148
1 18 33 4 1
1 40 6 0 1
1 17 90 4 471
1 31 3 1 197
1 15 81 3 0
1 50 63 0 46
1 18 10 4 3
1 19 43 3 290
1 34 6 0 29
1 28 62 4 152
1 16 7 3 105
1 19 1 0 2
1 24 5 4 83
1 39 17 0 27
1 16 9 2 243
1 29 5 3 1
1 27 43 0 17
1 16 8 1 98
1 26 58 0 488
1 16 9 3 356
1 18 6 3 46
1 19 21 3 75
1 16 4 3 89
1 30 7 0 0
1 16 1 4 53
1 17 62 0 2
1 22 11 0 382
1 33 8 0 197
1 15 19 0 1
1 29 7 3 1
1 27 9 0 83
1 24 4 4 0
1 37 3 4 83
1 34 1 0 139
1 15 16 2 173
1 35 54 2 162
1 39 24 4 268
1 35 54 1 198
1 33 69 0 354
1 28 2 3 49
1 18 8 0 263
1 15 30 3 177
1 23 8 4 21
1 24 2 0 122
1 26 6 1 2
1 17 48 1 32
1 28 98 1 1
1 22 10 2 125
1 40 89 2 2
1 26 9 0 472
1 19 6 3 144
1 14 1 3 113
1 32 8 0 82
1 14 32 4 246
1 38 5 1 0
1 24 8 4 0
1 18 10 4 166
1 18 87 0 2
1 23 11 0 364
1 23 6 4 448
1 28 3 4 118
1 23 89 3 5
1 28 4 0 1
1 32 8 0 465
1 37 3 0 50
1 20 11 0 2
1 23 37 0 154
1 35 9 0 160
1 40 2 4 449
1 23 16 4 1
1 29 94 4 2
1 22 28 3 368
1 27 64 0 166
1 19 59 2 0
1 38 11 0 498
1 36 37 4 196
1 19 12 0 113
1 31 7 3 3
1 55 84 2 68
1 20 61 0 101
1 28 4 2 0
1 23 1 2 58
1 16 12 0 2
1 17 86 4 9
1 36 82 0 81
1 33 67 2 202
1 38 51 0 133
1 27 74 4 122
1 39 7 0 297
1 21 6 4 38
1 22 4 0 125
1 23 4 4 0
1 14 24 2 149
1 17 5 3 0
1 14 91 0 118
1 18 1 0 1
1 40 62 4 157
1 25 7 0 3
1 36 16 0 2
1 37 51 2 150
1 26 74 2 12
1 35 10 0 328
1 24 54 2 2
1 28 56 4 335
1 27 85 2 197
1 16 3 2 226
1 27 4 0 164
1 18 45 1 160
1 22 16 0 1
1 29 3 2 100
1 36 1 2 128
1 35 3 2 359
1 24 15 3 199
1 21 7 4 153
1 49 38 0 107
1 36 27 2 3
1 22 80 2 131
1 26 8 0 215
1 28 41 2 112
1 30 97 0 467
1 20 30 0 3
1 29 8 4 81
1 15 10 4 99
1 23 37 4 462
1 15 45 0 137
1 72 80 0 3
1 24 10 3 32
1 15 10 2 0
1 30 2 2 46
1 22 46 4 274
1 31 1 0 212
1 14 6 0 1
1 17 11 0 59
1 23 5 0 2
1 16 25 4 37
1 28 85 4 1
1 14 32 1 1
1 21 3 0 148
1 20 2 4 3
1 29 86 0 33
1 31 13 2 284
1 35 47 0 2
1 21 41 0 440
1 26 75 1 0
1 24 49 0 1
1 33 9 3 190
1 36 59 0 39
1 15 54 3 428
1 34 10 1 122
1 34 12 0 106
1 15 33 1 72
1 39 97 0 1
1 15 10 3 3
1 20 69 0 113
1 18 39 3 2
1 35 2 2 68
1 39 1 2 2
1 37 7 3 3
1 40 10 4 123
1 27 12 4 173
1 27 79 4 484
1 17 7 2 37
1 36 7 3 2
1 21 5 2 178
1 25 16 2 0
1 14 11 0 377
1 28 5 0 64
1 55 44 0 485
1 37 55 2 80
1 32 79 3 483
1 17 33 4 1
1 27 29 2 63
1 39 19 2 375
1 18 7 0 139
1 38 71 2 59
1 34 1 0 324
1 20 3 3 2
1 19 49 1 63
1 34 7 4 196
1 19 2 0 1
1 35 8 4 51
1 74 10 3 0
1 34 92 1 43
1 26 14 0 1
1 98 8 4 340
1 33 64 0 191
1 23 86 1 192
1 31 62 1 340
1 28 87 3 1
1 19 63 0 108
1 22 50 0 27
1 17 6 4 318
1 16 6 0 154
1 18 2 4 403
1 40 4 0 0
1 15 91 0 25
1 16 11 0 3
1 21 80 1 140
1 22 12 0 35
1 17 3 4 2
1 20 98 3 125
1 19 6 0 0
1 24 4 0 175
1 39 9 0 444
1 14 77 3 117
1 14 30 2 191
1 31 1 0 77
1 29 8 3 170
1 14 82 4 12
1 57 59 4 150
1 62 10 3 111
1 20 32 3 200
1 18 17 0 3
1 18 28 1 2
1 39 9 4 3
1 23 2 0 35
1 38 5 0 1
1 34 1 2 336
1 28 69 2 3
1 23 6 2 76
1 21 87 0 2
1 28 5 0 173
1 33 24 2 190
1 31 9 0 21
1 39 6 3 3
1 25 4 2 245
1 26 1 0 172
1 28 60 3 173
1 34 5 0 139
1 33 43 2 62
1 36 2 0 95
1 38 11 3 6
1 27 10 4 78
1 28 76 3 5
1 20 2 0 3
1 16 3 2 217
1 21 10 4 427
1 39 46 3 197
1 32 7 0 35
1 38 1 3 41
1 22 5 0 148
1 39 16 0 173
1 22 9 3 2
1 15 79 1 135
1 16 7 0 259
1 20 86 2 74
1 18 12 1 68
1 22 1 0 88
1 37 11 0 1
1 20 3 2 77
1 22 9 3 413
1 36 52 0 3
1 20 21 0 1
1 21 35 3 180
1 37 4 0 183
1 40 60 2 169
1 39 42 4 127
1 15 28 4 115
1 34 7 2 102
1 17 4 3 3
1 27 67 0 156
1 39 60 0 300
1 23 43 0 89
1 26 5 0 133
1 33 3 3 3
1 39 9 4 236
1 27 68 0 0
1 31 10 4 1
1 39 86 0 109
1 33 9 3 3
1 21 2 0 2
1 16 6 0 80
1 34 23 3 79
1 17 7 0 3
1 26 5 1 406
1 25 2 3 3
1 31 29 1 1
1 21 1 0 31
1 30 12 0 313
1 38 23 0 443
1 27 9 0 17
1 38 7 1 272
1 16 10 2 110
1 37 3 0 151
1 18 7 3 343
1 28 32 0 17
1 85 35 0 146
1 20 2 0 353
1 39 84 0 46
1 21 66 3 0
1 23 67 0 68
1 17 86 3 238
1 25 10 0 54
1 40 34 2 480
1 25 7 1 0
1 26 36 0 1
1 31 6 4 383
1 88 63 4 125
1 28 73 3 463
1 20 93 2 2
1 26 3 0 89
1 21 7 0 11
1 38 5 0 24
1 19 67 2 74
1 29 43 0 44
1 38 4 0 225
1 14 9 1 2
1 24 26 0 131
1 16 51 2 58
1 37 42 2 13
1 41 23 2 29
1 22 1 4 72
1 36 5 4 5
1 27 12 0 318
1 19 11 2 462
1 24 38 0 3
1 30 11 0 61
1 27 12 0 0
1 19 48 0 35
1 21 46 1 114
1 18 29 0 396
1 17 10 0 48
1 33 11 4 494
1 31 1 1 136
1 36 9 2 471
1 19 96 4 2
1 27 22 2 274
1 29 9 2 1
1 22 74 3 329
1 35 22 4 3
1 34 12 2 182
1 31 10 4 413
1 23 91 3 40
1 26 2 3 48
1 21 1 2 65
1 34 2 0 64
1 32 1 3 308
1 17 5 0 131
1 18 6 4 394
1 34 92 3 9
1 26 59 1 65
1 40 1 1 200
1 36 10 0 0
1 37 68 3 0
1 22 7 0 25
1 31 65 3 148
1 40 50 0 7
1 14 77 1 408
1 39 75 1 3
1 37 96 0 268
1 17 24 4 458
1 27 8 0 3
1 14 87 4 3
1 29 12 4 34
1 33 1 2 90
1 38 12 3 140
1 24 2 4 2
1 24 79 2 2
1 30 8 4 132
1 20 6 0 0
1 16 35 1 352
1 31 1 4 357
1 23 15 0 450
1 21 9 0 66
1 33 1 0 85
1 23 2 3 1
1 16 56 4 480
1 21 47 0 1
1 24 8 4 89
1 40 56 0 1
1 30 7 4 182
1 35 4 1 147
1 36 7 4 199
1 20 34 0 3
1 27 11 0 29
1 27 77 4 1
1 31 11 2 0
1 39 11 0 4
1 40 3 1 63
1 39 57 1 57
1 20 65 2 50
1 37 2 0 481
1 19 5 0 0
1 36 18 3 17
1 16 67 4 91
1 39 1 4 484
1 29 19 3 82
1 35 5 0 169
1 16 4 2 0
1 37 9 3 48
1 37 4 2 86
1 29 45 0 68
1 33 8 4 382
1 40 5 2 14
1 18 72 3 363
1 31 24 0 152
1 40 58 0 1
1 40 12 0 46
1 22 9 0 65
1 31 98 3 0
1 15 99 3 127
1 32 9 4 99
1 33 7 0 375
1 28 49 3 210
1 17 35 4 419
1 37 10 0 144
1 16 12 1 3
1 34 11 4 2
1 20 78 2 203
1 36 35 0 64
1 25 11 0 243
1 27 83 0 58
1 20 59 0 295
1 17 12 4 152
1 33 92 0 96
1 37 7 0 481
1 34 5 0 2
1 38 88 4 3
1 14 3 1 141
1 27 97 0 355
1 35 2 0 100
1 16 12 0 370
1 25 64 0 105
1 18 44 0 2
1 40 19 0 127
1 22 23 4 36
1 33 3 0 150
1 37 12 2 200
1 34 4 1 123
1 15 6 0 3
1 32 81 1 86
1 19 60 0 105
1 31 26 2 0
1 15 6 1 0
1 28 66 2 97
1 38 88 3 1
1 31 56 0 1
1 27 33 2 48
1 38 1 0 3
1 14 12 3 266
1 35 10 0 196
1 25 3 0 253
1 26 89 4 105
1 17 45 0 175
1 18 5 2 141
1 30 21 0 0
1 28 1 0 147
1 32 12 1 64
1 20 11 4 131
1 17 4 0 151
1 32 43 0 111
1 26 5 2 432
1 37 17 0 114
1 29 3 1 1
1 20 1 0 3
1 38 3 0 72
1 19 89 4 0
1 40 5 0 0
1 15 45 0 1
1 17 47 0 0
1 20 21 0 136
1 37 12 3 11
1 24 10 1 0
1 26 6 0 168
1 31 4 0 479
1 19 18 1 45
1 15 49 4 332
1 37 41 2 167
1 29 69 3 3
1 26 1 0 123
1 34 7 0 3
1 23 22 4 187
1 15 5 4 13
1 19 2 3 40
1 14 9 0 124
1 37 9 0 76
1 23 8 3 2
1 14 9 0 162
1 32 55 1 134
1 18 17 4 76
1 26 13 4 3
1 22 1 4 162
1 28 7 0 2
1 37 10 0 184
1 18 1 4 129
1 26 94 0 66
1 28 11 1 1
1 29 49 0 1
1 38 56 0 3
1 38 3 0 60
1 28 21 0 166
1 19 49 4 221
1 32 8 0 393
1 25 46 0 49
1 27 8 3 311
1 14 57 0 0
1 26 12 2 169
1 34 9 2 15
1 20 22 3 1
1 33 5 3 99
1 38 2 2 1
1 31 7 0 1
1 30 1 0 37
1 16 56 3 24
1 29 28 0 65
1 33 99 3 66
1 35 50 0 1
1 32 69 4 207
1 25 1 1 42
1 32 39 1 44
1 33 3 1 184
1 48 59 3 1
1 39 8 4 2
1 32 73 2 353
1 37 3 0 1
1 17 5 4 318
1 20 39 0 0
1 31 2 3 3
1 32 6 0 1
1 18 47 0 159
1 28 3 0 188
1 24 9 4 152
1 16 70 0 233
1 39 6 0 342
1 24 12 1 276
1 35 2 0 192
1 22 7 4 476
1 38 11 3 94
1 28 3 3 54
1 35 7 3 477
1 23 90 0 1
1 29 38 4 130
1 16 28 3 131
1 20 11 0 181
1 15 12 0 159
1 16 5 1 396
1 40 63 0 2
1 22 16 2 193
1 38 50 2 30
1 16 12 0 0
1 27 54 2 240
1 32 38 0 0
1 24 6 0 118
1 31 16 1 130
1 25 41 0 88
1 37 9 4 163
1 24 2 3 111
1 35 3 4 117
1 19 4 0 65
1 40 3 0 185
1 24 7 3 1
1 14 68 3 1
1 40 24 2 168
1 18 81 0 0
1 28 40 1 26
1 22 90 0 337
1 23 2 4 92
1 15 3 2 8
1 30 7 2 0
1 16 2 3 162
1 26 14 3 136
1 35 13 0 174
1 37 4 3 76
1 39 80 0 417
1 21 8 1 179
1 39 7 3 64
1 20 7 0 125
1 19 3 1 2
1 30 81 4 2
1 26 5 0 381
1 17 20 0 473
1 31 5 3 26
1 29 50 2 232
1 29 4 4 25
1 29 73 0 163
1 33 84 0 51
1 21 28 0 244
1 29 33 1 312
1 16 36 2 52
1 40 57 2 155
1 21 7 3 58
1 15 9 0 57
1 29 5 0 73
1 25 3 4 1
1 29 26 3 182
1 26 1 0 141
1 26 43 3 68
1 34 11 2 413
1 19 10 0 16
1 20 54 1 94
1 30 6 4 148
1 19 8 4 3
1 35 11 0 93
1 17 3 0 97
1 28 9 0 193
1 14 13 4 62
1 19 35 3 124
1 16 5 4 1
1 38 8 1 133
1 24 5 0 3
1 33 1 4 487
1 27 12 1 1
1 30 89 0 186
1 17 12 2 84
1 21 52 0 138
1 24 2 0 1
1 17 82 0 461
1 38 23 0 52
1 32 68 0 33
1 30 11 0 367
1 22 2 0 3
1 17 1 4 88
1 14 37 4 103
1 24 1 1 123
1 15 41 4 2
1 37 7 3 241
1 31 5 2 381
1 21 12 3 284
1 30 12 4 172
1 26 9 3 169
1 28 3 2 87
1 17 14 4 3
1 21 1 1 1
1 21 3 1 149
1 14 32 0 83
1 37 18 1 477
1 32 29 2 3
1 17 5 1 78
1 17 32 0 193
1 30 7 1 176
1 24 97 3 91
1 20 1 2 3
1 22 42 0 25
1 37 6 1 14
1 18 47 0 3
1 39 18 0 188
1 32 29 4 1
1 25 44 4 372
1 17 7 2 26
1 16 22 0 166
1 20 48 1 186
1 32 8 4 471
1 37 80 2 3
1 28 11 1 156
1 20 68 2 420
1 27 4 3 1
1 23 16 0 468
1 31 4 0 181
1 17 19 2 60
1 32 4 3 0
1 35 2 0 2
1 26 75 0 82
1 20 7 0 2
1 18 38 2 238
1 32 12 0 65
1 23 7 0 2
1 36 69 0 125
1 29 6 0 105
1 33 47 3 3
1 34 11 4 9
1 18 10 0 3
1 36 2 0 210
1 75 61 3 203
1 16 3 3 187
1 18 11 0 2
1 36 25 2 179
1 32 41 4 297
1 31 10 4 3
1 26 12 3 3
1 14 3 1 175
1 40 47 1 92
1 23 49 2 0
1 24 43 2 0
1 33 5 3 0
1 30 1 4 1
1 31 2 2 439
1 14 5 1 226
1 24 10 4 75
1 15 6 3 120
1 16 5 4 131
1 38 4 0 98
1 28 84 4 428
1 29 4 0 169
1 15 5 3 397
1 22 1 0 397
1 31 3 4 165
1 35 1 0 320
1 38 2 3 38
1 38 10 0 166
1 39 43 2 108
1 27 6 0 343
1 23 9 3 66
1 18 66 4 218
1 26 30 0 2
1 17 68 3 98
1 22 5 0 42
1 26 11 0 2
1 20 5 0 388
1 17 11 4 3
1 18 8 0 2
1 18 1 4 25
1 32 64 0 432
1 29 1 0 142
1 29 6 3 76
1 40 10 0 0
1 34 10 1 453
1 31 27 3 73
1 29 84 0 87
1 26 7 1 0
1 18 3 4 2
1 32 49 0 25
1 15 6 2 116
1 32 1 2 24
1 16 12 4 114
1 22 16 0 79
1 20 11 2 2
1 32 4 0 378
1 20 46 0 87
1 30 25 0 146
1 27 48 0 2
1 29 4 2 2
1 32 1 2 14
1 19 10 4 3
1 17 12 0 98
1 18 99 2 415
1 15 4 0 158
1 38 1 3 263
1 23 95 2 126
1 15 10 0 409
1 24 57 4 50
1 15 6 0 153
1 19 4 4 3
1 40 4 0 228
1 19 60 0 101
1 23 10 3 41
1 20 54 2 1
1 15 41 2 464
1 29 8 0 134
1 25 9 0 442
1 19 12 0 3
1 17 92 1 142
1 39 82 4 4
1 36 11 2 425
1 19 59 1 100
1 37 12 2 308
1 34 4 0 273
1 35 25 0 1
1 24 6 2 61
1 29 75 4 3
1 14 89 0 198
1 36 76 0 4
1 29 63 0 54
1 37 10 4 0
1 23 4 3 145
1 38 21 1 1
1 20 4 3 3
1 21 2 2 146
1 20 90 4 180
1 23 25 3 2
1 14 40 0 92
1 26 22 3 32
1 15 6 0 3
1 20 2 0 0
1 39 65 0 94
1 16 63 3 0
1 23 8 1 428
1 28 31 2 46
1 39 6 0 91
1 88 7 0 166
1 24 10 3 263
1 36 11 1 87
1 16 46 4 117
1 17 86 2 131
1 35 66 0 2
1 36 3 3 1
1 27 11 2 1
1 25 10 0 381
1 18 11 1 174
1 15 8 0 60
1 24 51 0 395
1 32 4 2 38
1 23 83 0 112
1 15 1 3 93
1 33 3 3 7
1 16 72 1 476
1 33 2 3 1
1 15 28 0 3
1 36 86 0 1
1 40 9 0 322
1 33 17 2 83
1 38 81 3 3
1 27 66 4 493
1 15 4 0 0
1 21 8 1 276
1 37 89 0 1
1 29 60 0 176
1 35 3 0 0
1 39 6 2 146
1 73 67 3 3
1 28 19 0 1
1 30 11 0 184
1 34 10 1 142
1 25 37 1 1
1 30 75 4 40
1 30 9 3 74
1 21 10 2 0
1 40 3 2 301
1 15 3 2 163
1 35 12 4 36
1 23 8 2 26
1 28 74 1 31
1 30 1 0 135
1 18 53 2 65
1 30 90 2 125
1 14 7 0 3
1 37 7 3 480
1 23 5 0 47
1 39 8 2 156
1 20 4 0 0
1 19 2 0 142
1 27 12 0 69
1 24 58 3 152
1 36 15 0 36
1 26 12 3 401
1 27 6 4 94
1 21 7 0 173
1 30 39 4 126
1 23 10 0 93
1 19 7 2 3
1 19 12 2 34
1 30 7 0 470
1 30 54 2 2
1 33 5 0 30
1 27 11 0 74
1 36 39 3 127
1 26 1 2 499
1 26 35 3 384
1 33 55 0 94
1 30 63 3 86
1 31 10 0 173
1 34 63 0 466
1 19 33 3 0
1 34 43 0 3
1 38 7 0 2
1 21 8 0 2
1 34 54 2 63
1 15 80 0 256
1 40 9 3 411
1 28 26 4 185
1 14 19 2 3
1 38 9 1 3
1 17 9 0 137
1 16 9 3 75
1 15 85 0 3
1 22 61 3 383
1 23 11 0 72
1 34 45 0 163
1 25 72 0 165
1 30 10 0 494
1 19 1 3 1
1 15 87 2 2
1 36 12 0 156
1 21 11 0 151
1 20 31 4 141
1 18 10 0 317
1 30 86 3 174
1 29 1 0 57
1 15 73 0 398
1 29 2 0 215
1 14 9 0 280
1 34 5 0 61
1 27 46 0 284
1 27 10 2 118
1 26 32 2 0
1 27 2 0 14
1 17 6 3 2
1 33 48 0 108
1 20 8 4 1
1 17 2 3 184
1 28 64 1 108
1 20 9 2 41
1 28 8 0 1
1 20 5 0 182
1 34 36 0 170
1 23 60 0 35
1 38 43 0 478
1 14 1 2 0
1 14 3 2 118
1 14 8 0 26
1 16 35 4 416
1 17 2 0 1
1 26 7 0 390
1 14 85 0 104
1 33 39 0 0
1 24 1 0 161
1 40 88 0 59
1 18 11 0 0
1 29 95 0 421
1 30 12 3 76
1 35 16 3 102
1 19 9 0 429
1 18 87 0 271
1 18 8 3 0
1 18 9 4 78
1 16 5 3 160
1 28 73 3 3
1 26 54 4 43
1 26 51 0 122
1 20 8 4 364
1 14 44 2 3
1 20 4 4 369
1 18 4 3 162
1 34 12 1 2
1 39 26 2 231
1 35 83 0 373
1 35 4 2 35
1 31 48 0 344
1 32 8 4 0
1 35 8 0 3
1 32 1 0 128
1 27 11 0 341
1 23 33 0 93
1 36 42 0 65
1 33 8 0 0
1 33 96 1 0
1 34 70 0 26
1 39 12 4 71
1 18 7 0 86
1 17 7 1 468
1 33 21 4 424
1 25 30 2 5
1 20 8 1 70
1 24 96 0 29
1 28 8 2 329
1 18 6 0 138
1 14 44 0 2
1 16 74 3 250
1 38 3 0 82
1 14 12 0 369
1 21 1 0 3
1 18 6 0 283
1 28 75 0 3
1 21 5 0 3
1 36 12 3 214
1 14 2 0 153
1 28 2 0 3
1 22 49 0 323
1 17 27 1 156
1 26 6 2 119
1 25 7 3 119
1 17 7 4 197
1 32 8 3 2
1 40 29 0 181
1 32 9 3 0
1 35 4 0 184
1 40 7 0 125
1 17 11 0 146
1 18 7 0 127
1 26 12 3 104
1 33 19 0 7
1 14 63 0 264
1 30 78 4 333
1 24 1 0 26
1 17 2 4 176
1 27 9 3 100
1 21 41 3 58
1 34 11 2 1
1 30 54 0 46
1 25 9 0 1
1 18 34 0 156
1 17 6 0 71
1 34 36 2 2
1 24 17 2 148
1 16 1 0 181
1 27 9 0 37
1 38 6 4 259
1 24 67 0 277
1 35 4 3 274
1 31 4 0 12
1 23 45 2 233
1 18 12 3 57
1 20 11 1 1
1 37 20 2 268
1 18 5 3 218
1 27 45 2 190
1 39 6 3 0
1 40 9 3 182
1 30 88 0 1
1 30 11 0 3
1 15 72 0 3
1 15 12 4 395
1 23 7 1 1
1 37 65 4 1
1 22 8 2 1
1 23 57 3 2
1 14 10 0 144
1 19 6 2 67
1 37 91 0 479
1 15 2 2 1
1 39 9 2 285
1 31 12 0 89
1 20 4 0 31
1 16 8 4 53
1 32 1 0 12
1 19 12 3 68
1 38 91 4 487
1 18 22 2 2
1 22 3 0 2
1 30 11 0 92
1 25 51 1 422
1 36 5 0 444
1 17 72 0 338
1 32 89 1 134
1 22 12 4 51
1 22 31 3 0
1 36 13 0 196
1 24 13 0 411
1 28 9 0 86
1 22 7 0 1
1 15 91 0 1
1 31 9 0 2
1 30 9 1 195
1 32 99 3 3
1 20 9 2 176
1 36 85 4 487
1 17 12 0 105
1 26 1 4 125
1 32 5 3 247
1 17 62 0 21
1 25 2 2 167
1 19 58 0 38
1 20 1 3 143
1 16 48 0 43
1 14 9 4 1
1 33 25 2 442
1 24 50 3 385
1 27 93 2 348
1 31 6 3 136
1 15 1 0 0
1 26 8 0 5
1 28 8 3 350
1 38 80 0 222
1 38 4 2 85
1 25 6 0 179
1 27 10 3 75
1 27 48 0 405
1 39 3 2 368
1 14 18 0 1
1 32 7 0 1
1 38 12 3 129
1 34 32 3 1
1 38 5 0 8
1 38 8 3 16
1 30 15 0 420
1 23 94 2 243
1 24 16 2 198
1 28 27 2 49
1 21 57 0 191
1 16 73 4 2
1 39 8 4 72
1 15 23 1 61
1 19 99 3 1
1 40 10 0 2
1 36 14 0 153
1 40 11 2 495
1 35 64 0 1
1 36 54 0 482
1 23 9 2 2
1 24 2 0 69
1 19 19 4 419
1 31 4 1 21
1 36 6 0 86
1 19 11 2 129
1 28 83 4 89
1 19 10 0 106
1 19 12 0 34
1 33 41 3 137
1 17 85 3 11
1 15 89 3 3
1 29 7 0 28
1 17 10 4 286
1 21 11 0 67
1 26 12 3 235
1 36 11 3 105
1 22 13 0 195
1 40 6 0 120
1 19 6 3 0
1 15 93 0 2
1 15 11 0 2
1 18 12 0 58
1 32 12 0 3
1 24 4 0 1
1 30 95 0 296
1 24 11 1 130
1 24 8 3 178
1 29 53 4 126
1 23 57 2 198
1 40 40 3 2
1 42 2 2 87
1 36 69 4 189
1 40 9 0 132
1 30 4 0 66
1 34 1 4 1
1 19 3 4 422
1 14 4 0 190
1 32 9 4 143
1 37 3 0 136
1 31 8 0 3
1 37 24 2 460
1 26 1 0 125
1 16 6 2 22
1 30 30 0 3
1 14 10 0 106
1 36 26 0 84
1 29 4 0 117
1 25 28 0 149
1 14 90 0 2
1 21 6 0 62
1 27 37 3 2
1 22 26 2 184
1 17 3 0 1
1 38 87 3 1
1 35 46 0 43
1 33 7 4 14
1 33 10 3 87
1 31 83 0 318
1 21 96 0 434
1 28 35 4 167
1 26 2 0 165
1 34 9 0 75
1 23 12 0 1
1 21 47 3 83
1 23 7 0 175
1 37 6 0 110
1 35 1 4 93
1 40 73 0 420
1 31 7 1 97
1 27 7 0 60
1 17 11 0 315
1 39 5 0 230
1 19 84 2 101
1 18 65 3 0
1 20 15 1 151
1 24 33 0 3
1 38 88 3 170
1 22 8 0 185
1 37 1 0 55
1 23 10 0 2
1 30 29 4 169
1 31 32 2 299
1 32 31 1 1
1 35 21 0 218
1 23 2 0 3
1 39 86 3 2
1 39 47 0 181
1 33 12 4 1
1 22 2 3 29
1 17 10 1 340
1 35 2 4 439
1 34 53 3 260
1 18 69 1 2
1 23 29 3 336
1 20 2 3 0
1 30 67 3 486
1 37 10 1 38
1 20 8 1 0
1 20 4 0 134
1 17 1 2 3
1 35 59 0 52
1 15 1 4 1
1 18 43 0 262
1 25 6 0 88
1 16 2 0 172
1 19 8 0 342
1 29 60 1 363
1 30 7 1 136
1 18 10 1 284
1 15 10 3 219
1 23 10 1 3
1 22 7 2 197
1 30 20 0 0
1 26 4 0 87
1 21 87 1 1
1 28 1 2 192
1 33 3 0 163
1 24 89 0 1
1 31 94 2 242
1 15 1 0 171
1 16 25 0 192
1 31 1 2 134
1 22 8 3 431
1 15 24 0 116
1 20 2 3 3
1 20 2 0 161
1 29 66 4 1
1 27 3 4 354
1 28 7 2 189
1 28 24 3 119
1 19 4 2 1
1 36 9 3 0
1 19 39 2 11
1 32 6 3 3
1 26 6 0 30
1 51 70 0 3
1 20 9 0 3
1 14 81 1 0
1 33 33 3 0
1 15 68 0 3
1 37 10 2 62
1 40 89 0 179
1 15 1 2 0
1 15 55 3 48
1 33 11 0 227
1 14 26 3 167
1 20 24 1 337
1 29 98 0 328
1 23 90 0 168
1 19 85 3 237
1 27 37 1 4
1 33 32 3 63
1 32 1 0 71
1 15 71 0 0
1 19 7 0 0
1 21 94 0 64
1 40 3 2 6
1 25 2 3 67
1 18 96 0 207
1 24 26 0 56
1 31 44 4 1
1 19 5 3 199
1 30 7 1 153
1 22 3 2 162
1 28 41 3 2
1 14 92 0 64
1 20 39 1 142
1 22 12 1 23
1 39 2 2 0
1 23 8 0 122
1 40 5 1 1
1 32 12 3 161
1 34 1 4 37
1 26 84 0 35
1 37 16 0 344
1 17 63 0 93
1 35 30 0 2
1 16 80 3 54
1 21 18 4 2
1 16 5 2 436
1 38 11 4 0
1 15 9 0 3
1 17 4 4 86
1 20 20 2 20
1 28 60 3 92
1 24 7 0 197
1 38 40 3 131
1 29 43 1 3
1 39 2 1 145
1 34 12 0 107
1 22 1 0 127
1 19 35 0 319
1 30 9 0 149
1 14 7 3 376
1 36 9 0 3
1 26 90 3 13
1 28 12 3 166
1 39 5 0 1
1 31 10 0 194
1 23 75 0 284
1 19 12 3 167
1 36 11 3 1
1 33 10 2 1
1 16 34 0 275
1 28 79 4 0
1 30 28 3 2
1 38 16 4 3
1 30 5 0 105
1 36 1 2 2
1 25 80 0 7
1 38 68 1 209
1 35 39 3 0
1 25 83 1 44
1 18 83 0 130
1 31 12 0 75
1 17 6 0 172
1 23 7 4 119
1 37 63 0 56
1 34 1 4 58
1 29 10 0 183
1 19 1 0 74
1 39 21 0 145
1 18 11 0 236
1 28 4 0 3
1 31 9 1 93
1 33 69 0 185
1 32 84 1 149
1 16 12 1 1
1 20 69 2 1
1 31 34 3 75
1 37 97 0 176
1 23 52 3 383
1 38 46 2 73
1 34 12 0 0
1 32 4 0 486
1 19 7 0 45
1 18 94 4 138
1 20 6 3 196
1 38 30 0 180
1 34 46 0 22
1 23 3 0 0
1 17 49 0 1
1 22 11 4 1
1 19 12 4 0
1 25 28 0 0
1 18 61 4 241
1 33 76 2 46
1 82 20 4 2
1 34 6 2 18
1 28 74 2 151
1 81 55 0 2
1 31 3 4 418
1 18 4 0 184
1 27 11 0 214
1 27 18 4 178
1 39 21 3 176
1 37 62 3 161
1 39 12 2 162
1 14 3 2 282
1 19 1 3 255
1 74 4 0 20
1 23 11 0 240
1 18 38 1 82
1 17 10 0 1
1 39 74 2 3
1 30 56 3 5
1 21 97 3 132
1 26 41 4 80
1 35 7 3 207
1 28 12 1 320
1 40 6 4 181
1 23 4 4 1
1 18 37 0 239
1 22 7 2 0
1 32 10 0 297
1 34 36 0 188
1 14 57 3 317
1 19 9 2 200
1 29 4 1 170
1 37 6 0 3
1 22 54 4 3
1 14 40 4 81
1 15 45 4 75
1 23 18 1 49
1 24 9 3 14
1 23 10 4 134
1 27 19 4 274
1 18 39 0 29
1 17 35 0 48
1 36 85 3 80
1 35 22 4 195
1 29 43 0 424
1 40 8 4 62
1 27 10 3 413
1 31 39 2 131
1 37 2 0 107
1 32 11 4 60
1 16 10 4 3
1 19 7 4 266
1 22 7 4 99
1 23 1 1 377
1 17 1 2 255
1 15 54 2 2
1 36 12 3 47
1 30 12 4 69
1 28 67 0 0
1 15 8 2 2
1 64 33 0 129
1 37 29 0 3
1 28 11 1 447
1 40 16 3 119
1 31 8 3 185
1 35 67 0 0
1 22 85 1 84
1 20 12 0 70
1 15 7 4 402
1 33 47 2 415
1 22 10 1 158
1 18 75 3 137
1 34 3 3 378
1 18 18 0 70
1 24 39 4 469
1 16 72 1 288
1 31 41 0 111
1 26 30 0 420
1 67 9 3 340
1 29 11 3 285
1 31 7 4 404
1 33 36 0 435
1 14 20 4 110
1 17 85 3 141
1 29 8 0 179
1 22 20 1 44
1 30 9 0 96
1 14 8 4 368
1 30 11 2 103
1 14 72 2 349
1 22 60 2 0
1 21 3 2 169
1 25 11 0 389
1 15 9 0 198
1 20 23 0 239
1 27 17 0 136
1 39 6 0 381
1 15 11 3 351
1 39 57 4 274
1 49 52 4 50
1 33 85 4 167
1 30 11 0 69
1 19 9 0 12
1 20 1 3 212
1 35 48 2 2
1 25 1 0 189
1 29 4 0 198
1 37 51 0 122
1 19 9 3 1
1 20 14 2 207
1 22 21 0 25
1 32 76 1 122
1 33 3 3 18
1 35 9 3 91
1 24 3 0 81
1 21 83 1 0
1 26 12 3 409
1 32 48 3 379
1 25 51 0 55
1 17 1 4 185
1 40 81 0 199
1 22 7 1 246
1 36 7 4 71
1 30 56 0 38
1 22 12 2 3
1 34 28 0 288
1 17 69 3 406
1 30 50 2 3
1 36 20 0 188
1 33 3 0 3
1 16 10 1 84
1 31 3 2 81
1 15 91 4 161
1 37 18 0 49
1 14 4 2 117
1 25 48 4 77
1 21 2 1 114
1 25 53 3 227
1 31 43 2 23
1 22 51 1 3
1 35 92 4 2
1 15 8 0 229
1 22 95 0 3
1 15 7 0 0
1 24 9 1 159
1 18 5 1 104
1 18 10 3 473
1 26 9 0 1
1 40 82 0 2
1 36 2 0 48
1 21 6 4 8
1 28 9 3 10
1 27 51 3 43
1 40 6 0 189
1 23 1 2 110
1 23 6 0 168
1 18 5 0 0
1 15 39 0 85
1 25 62 0 3
1 38 36 1 187
1 23 5 0 71
1 32 1 1 150
1 19 14 1 0
1 27 46 0 93
1 17 8 3 3
1 40 61 1 19
1 27 13 3 324
1 27 20 4 3
1 38 10 3 175
1 20 96 0 120
1 34 71 2 0
1 30 12 0 134
1 36 11 4 472
1 33 44 4 166
1 39 9 0 150
1 18 46 0 60
1 32 31 3 182
1 34 10 0 92
1 21 95 4 169
1 40 33 0 84
1 16 10 2 85
1 32 32 0 264
1 14 8 4 1
1 19 15 1 182
1 14 92 0 1
1 34 28 3 143
1 29 1 0 1
1 18 8 1 2
1 14 52 3 165
1 14 6 3 270
1 38 35 0 115
1 21 1 2 0
1 21 11 3 180
1 36 54 0 66
1 40 4 2 201
1 25 5 3 2
1 37 16 3 1
1 15 12 0 161
1 14 19 2 123
1 24 66 3 1
1 27 11 4 5
1 36 31 0 197
1 16 3 2 80
1 14 5 0 3
1 32 7 0 241
1 37 7 3 51
1 37 12 0 0
1 23 12 3 220
1 27 86 3 404
1 38 7 2 424
1 14 75 3 433
1 30 71 0 275
1 35 98 0 246
1 15 3 0 0
1 20 11 0 42
1 36 11 2 69
1 30 15 0 145
1 17 10 0 18
1 39 12 4 338
1 14 44 2 84
1 33 4 0 35
1 40 9 3 2
1 39 7 2 14
1 16 65 0 3
1 38 64 2 47
1 18 6 3 10
1 28 3 2 144
1 31 6 0 356
1 17 5 2 154
1 36 2 2 97
1 14 6 4 86
1 40 44 0 441
1 23 73 0 191
1 39 11 4 142
1 24 27 0 156
1 35 5 0 2
1 24 6 0 2
1 38 3 0 155
1 23 8 0 204
1 15 6 0 383
1 23 45 4 29
1 34 11 0 2
1 32 26 1 2
1 28 68 0 180
1 20 30 3 116
1 39 7 0 3
1 15 6 0 101
1 19 5 4 229
1 28 53 4 145
1 37 4 0 3
1 31 54 0 278
1 86 5 0 44
1 14 15 1 178
1 38 29 0 70
1 23 97 0 456
1 17 13 0 24
1 21 3 0 56
1 30 97 2 386
1 35 23 0 200
1 16 28 0 171
1 19 66 0 149
1 34 10 1 456
1 40 8 0 316
1 39 7 2 22
1 27 2 0 188
1 14 9 0 2
1 25 5 4 38
1 15 11 0 0
1 34 22 2 63
1 28 7 0 0
1 28 4 0 82
1 19 18 3 204
1 16 91 1 206
1 33 50 1 2
1 29 91 4 36
1 27 36 4 1
1 27 85 0 466
1 23 82 0 49
1 38 6 2 346
1 33 10 2 21
1 25 99 3 270
1 23 12 0 451
1 38 71 0 339
1 31 11 2 89
1 22 65 0 196
1 26 43 1 101
1 26 8 3 137
1 28 14 0 1
1 21 35 4 131
1 16 44 0 85
1 14 43 1 18
1 37 41 0 268
1 24 8 4 322
1 26 11 3 482
1 39 1 3 3
1 39 1 3 121
1 83 40 3 125
1 26 44 4 140
1 14 7 3 441
1 40 5 4 154
1 18 8 3 18
1 33 93 3 1
1 17 1 0 134
1 25 74 3 74
1 24 35 0 93
1 31 68 0 1
1 40 59 0 185
1 14 9 0 8
1 16 4 0 306
1 23 4 0 2
1 35 8 0 154
1 64 50 0 383
1 21 50 0 116
1 20 72 0 2
1 39 10 1 183
1 29 9 0 104
1 34 2 2 343
1 21 24 4 150
1 18 1 4 0
1 40 10 3 19
1 37 22 0 73
1 26 5 3 2
1 16 84 0 64
1 29 3 1 2
1 19 3 2 169
1 34 79 0 406
1 37 88 0 32
1 20 6 0 130
1 15 58 4 125
1 31 8 0 149
1 36 72 0 381
1 23 7 2 154
1 37 72 0 3
1 18 34 0 3
1 35 8 3 397
1 39 9 4 194
1 39 3 0 116
1 20 79 0 227
1 22 9 0 2
1 33 48 0 154
1 16 10 0 157
1 24 4 0 191
1 36 12 2 467
1 27 51 2 24
1 29 10 0 114
1 37 5 0 94
1 23 71 0 0
1 17 2 4 32
1 19 7 1 114
1 80 5 0 170
1 19 6 0 180
1 27 8 2 2
1 32 76 0 85
1 32 12 0 161
1 22 9 0 1
1 19 77 0 334
1 38 96 3 419
1 16 2 0 40
1 23 10 0 319
1 27 39 0 51
1 14 1 4 20
1 20 57 4 2
1 40 4 3 375
1 27 4 2 1
1 26 9 3 492
1 39 5 4 5
1 23 15 4 131
1 14 48 0 2
1 34 88 0 366
1 16 8 0 2
1 30 7 0 66
1 34 3 3 158
1 31 54 4 368
1 24 51 1 56
1 14 11 0 163
1 39 37 0 429
1 29 10 2 39
1 30 4 0 0
1 17 11 1 313
1 17 83 0 25
1 37 92 0 468
1 22 44 4 0
1 39 77 2 2
1 34 34 0 0
1 20 44 0 0
1 28 44 0 0
1 22 4 4 1
1 36 69 0 146
1 21 10 0 31
1 33 3 3 184
1 24 33 1 213
1 36 12 2 438
1 32 4 0 2
1 19 92 4 159
1 31 1 0 355
1 33 65 4 488
1 31 10 4 2
1 34 2 2 214
1 18 11 0 17
1 32 36 3 3
1 28 9 0 11
1 14 11 1 387
1 40 54 0 4
1 27 5 2 32
1 35 11 0 82
1 21 80 2 194
1 80 1 3 45
1 29 7 0 1
1 37 9 3 178
1 18 52 3 3
1 26 2 3 1
1 22 69 4 3
1 38 76 4 32
1 36 7 0 160
1 45 16 4 2
1 34 3 0 171
1 33 5 0 42
1 33 8 2 2
1 26 3 4 315
1 19 86 0 367
1 16 11 0 193
1 19 72 0 86
1 39 52 3 344
1 19 5 4 300
1 40 2 0 278
1 32 18 3 51
1 37 50 0 65
1 36 5 2 1
1 19 1 0 181
1 22 5 3 462
1 39 9 1 0
1 15 8 0 163
1 19 38 3 3
1 17 6 4 1
1 27 9 0 98
1 24 2 4 106
1 20 24 4 413
1 22 57 4 0
1 27 37 2 34
2 4 0 0 10
2 13 0 0 45
2 10 63 0 499
2 8 92 4 124
2 3 9 0 220
2 8 0 0 87
2 13 15 4 459
2 12 0 3 78
2 4 39 2 24
2 36 3 0 0
2 72 8 0 1
2 13 7 1 20
2 3 0 0 5
2 12 0 2 1
2 30 0 2 0
2 9 0 2 71
2 5 0 4 196
2 38 0 0 171
2 5 0 0 58
2 8 0 0 58
2 9 72 2 12
2 35 5 0 199
2 6 0 0 73
2 6 0 4 3
2 19 0 0 11
2 25 0 3 10
2 24 0 4 3
2 4 7 0 71
2 32 0 0 3
2 3 0 0 196
2 35 0 4 230
2 5 12 4 361
2 4 0 0 154
2 11 0 4 97
2 14 0 1 112
2 23 0 4 176
2 20 89 0 499
2 11 0 0 446
2 17 4 2 1
2 13 6 0 126
2 8 54 3 15
2 6 0 0 463
2 33 0 4 5
2 32 31 2 88
2 10 0 0 3
2 13 0 4 3
2 21 0 0 17
2 25 0 2 248
2 10 0 3 78
2 17 0 3 54
2 4 10 0 281
2 19 0 3 1
2 16 0 3 272
2 17 68 0 65
2 10 0 2 193
2 4 96 3 115
2 40 20 0 240
2 12 0 3 10
2 4 60 3 1
2 12 0 3 2
2 4 0 2 148
2 31 0 4 0
2 21 0 2 2
2 32 0 3 309
2 8 92 0 121
2 20 0 3 262
2 28 0 4 19
2 8 39 3 123
2 15 9 4 99
2 4 0 3 360
2 27 0 0 48
2 5 0 0 168
2 35 0 1 48
2 9 0 4 76
2 24 4 0 167
2 3 5 4 499
2 5 10 4 3
2 3 64 4 54
2 5 0 0 8
2 24 0 3 193
2 6 0 0 189
2 12 0 2 2
2 38 48 4 9
2 7 0 0 149
2 23 37 4 13
2 11 0 4 2
2 5 0 1 79
2 3 0 1 96
2 7 0 3 320
2 37 0 0 2
2 19 0 2 109
2 3 0 3 262
2 4 0 2 38
2 18 0 0 0
2 14 2 0 222
2 18 0 2 74
2 20 66 3 55
2 34 45 3 0
2 40 9 0 186
2 36 0 3 55
2 7 0 0 3
2 31 0 4 342
2 9 0 0 3
2 22 1 0 173
2 25 7 1 197
2 31 54 4 31
2 3 0 1 296
2 6 0 4 85
2 13 0 0 1
2 21 39 0 21
2 3 0 3 148
2 11 50 0 162
2 23 32 0 127
2 37 0 4 2
2 8 0 0 189
2 5 11 0 0
2 20 4 0 3
2 5 1 2 179
2 9 0 2 0
2 6 0 1 82
2 33 61 4 190
2 40 0 3 270
2 40 0 4 222
2 12 4 4 200
2 17 28 0 65
2 23 0 0 151
2 12 0 0 42
2 10 56 4 19
2 5 0 3 3
2 12 8 0 480
2 8 80 3 2
2 37 0 1 389
2 33 0 3 460
2 11 0 4 0
2 12 0 0 1
2 7 3 3 159
2 11 9 2 12
2 3 2 0 126
2 13 20 1 179
2 5 8 0 99
2 5 4 0 70
2 26 0 4 2
2 26 3 3 31
2 3 0 2 162
2 4 0 0 149
2 21 0 3 73
2 28 52 3 106
2 12 18 0 140
2 5 6 3 1
2 5 0 3 358
2 3 0 0 83
2 8 4 4 209
2 19 0 3 148
2 13 0 3 1
2 7 9 3 190
2 14 0 4 2
2 33 33 3 4
2 11 0 0 64
2 24 0 2 86
2 3 1 3 0
2 27 0 4 2
2 7 0 0 3
2 10 0 3 115
2 14 0 3 485
2 9 0 0 1
2 40 0 3 117
2 7 39 0 14
2 17 0 4 34
2 31 0 0 313
2 61 0 3 87
2 3 0 3 405
2 26 3 3 69
2 30 0 4 12
2 10 82 3 229
2 13 61 0 90
2 8 0 1 107
2 8 4 3 67
2 20 29 1 442
2 39 0 0 468
2 30 95 0 86
2 5 0 0 1
2 13 73 2 259
2 34 47 0 38
2 39 64 3 101
2 3 10 0 142
2 35 10 3 137
2 34 0 0 241
2 32 0 4 1
2 12 0 4 0
2 10 9 3 64
2 8 1 2 139
2 12 0 2 90
2 12 0 3 465
2 11 0 0 496
2 13 0 2 465
2 33 0 2 304
2 13 0 3 470
2 32 0 3 0
2 5 0 2 98
2 23 14 3 130
2 5 9 0 112
2 10 0 4 109
2 7 19 1 186
2 9 0 0 207
2 4 12 2 22
2 39 0 0 164
2 7 0 2 0
2 11 0 4 105
2 13 0 0 1
2 11 5 0 237
2 6 21 3 282
2 28 90 4 44
2 13 66 0 335
2 22 0 2 3
2 4 0 4 337
2 22 0 1 83
2 11 0 1 349
2 5 0 4 112
2 26 0 0 22
2 16 41 2 3
2 40 0 4 208
2 29 0 0 181
2 4 11 0 159
2 3 86 2 352
2 40 3 3 2
2 9 0 0 13
2 23 39 0 3
2 16 0 4 424
2 38 11 4 2
2 13 56 2 199
2 15 58 4 209
2 7 0 3 23
2 4 0 0 65
2 19 10 2 183
2 7 71 0 492
2 28 0 4 143
2 9 0 0 322
2 48 0 0 61
2 18 8 0 251
2 71 0 4 115
2 14 0 3 215
2 30 59 4 146
2 4 0 2 152
2 38 0 3 244
2 11 0 4 0
2 11 81 4 0
2 8 0 0 0
2 5 15 3 1
2 5 12 4 252
2 5 0 0 183
2 9 0 0 2
2 21 0 1 43
2 29 9 2 26
2 33 8 3 175
2 33 72 0 151
2 6 12 1 134
2 12 8 4 3
2 8 10 4 0
2 9 6 4 475
2 5 11 0 20
2 30 4 4 389
2 32 0 3 19
2 6 12 1 12
2 13 9 3 311
2 34 0 3 409
2 33 6 0 3
2 3 0 4 1
2 14 6 0 370
2 35 0 4 0
2 5 0 0 40
2 20 0 0 1
2 10 0 4 99
2 22 0 2 3
2 17 0 4 82
2 9 0 0 66
2 13 0 0 199
2 9 95 4 313
2 9 0 3 60
2 12 0 1 0
2 11 10 0 2
2 4 0 2 181
2 13 31 0 1
2 37 10 3 126
2 4 0 0 1
2 21 2 1 24
2 34 0 0 372
2 4 7 3 0
2 11 0 0 1
2 11 5 0 357
2 13 79 0 455
2 9 10 2 190
2 8 0 4 495
2 22 0 4 3
2 3 0 0 255
2 18 0 3 122
2 54 0 0 48
2 20 0 1 3
2 12 0 0 120
2 12 0 0 0
2 4 2 0 3
2 22 0 0 174
2 3 0 3 34
2 24 85 0 162
2 3 0 0 366
2 22 0 0 141
2 36 0 3 197
2 16 0 2 307
2 11 0 3 275
2 17 31 3 96
2 4 0 2 412
2 12 0 3 12
2 3 0 3 407
2 7 0 0 116
2 30 52 3 0
2 8 12 0 129
2 11 5 0 2
2 11 38 3 2
2 13 49 0 41
2 31 37 0 435
2 17 15 0 478
2 9 0 4 148
2 17 9 3 16
2 11 60 4 2
2 4 11 2 2
2 4 0 2 59
2 17 0 2 1
2 22 0 1 418
2 29 0 3 0
2 13 0 0 3
2 8 0 0 113
2 4 0 2 97
2 27 0 4 212
2 3 40 4 0
2 3 77 3 133
2 4 0 3 391
2 7 1 0 107
2 10 6 0 332
2 9 0 3 100
2 11 12 1 60
2 17 76 2 2
2 38 0 0 1
2 19 7 3 190
2 12 0 0 128
2 33 7 3 322
2 6 0 0 1
2 18 0 3 1
2 5 0 1 3
2 24 0 0 111
2 34 5 0 1
2 19 12 0 364
2 25 0 0 169
2 9 0 3 136
2 13 59 4 54
2 18 0 1 132
2 36 71 0 0
2 21 0 0 0
2 5 38 0 120
2 38 0 2 0
2 11 7 0 410
2 13 1 0 155
2 11 0 3 145
2 17 0 0 23
2 37 0 2 83
2 4 29 0 2
2 64 0 1 129
2 38 0 0 177
2 18 0 4 2
2 9 2 0 0
2 39 0 4 105
2 5 0 4 179
2 3 10 0 0
2 20 4 2 37
2 36 0 2 455
2 32 0 0 3
2 25 1 4 115
2 21 1 0 2
2 21 6 0 33
2 17 0 1 379
2 16 85 4 78
2 7 0 3 100
2 7 0 0 22
2 13 0 0 347
2 11 0 1 438
2 11 0 0 99
2 25 63 3 0
2 10 0 0 177
2 14 0 3 1
2 32 60 4 322
2 33 6 0 378
2 10 11 0 493
2 23 51 4 74
2 12 0 3 11
2 28 2 0 0
2 10 23 0 144
2 5 0 0 185
2 10 0 3 110
2 31 38 0 41
2 35 0 0 1
2 11 0 0 0
2 7 0 2 17
2 25 1 4 75
2 8 0 0 429
2 12 13 0 191
2 38 0 3 62
2 24 0 0 0
2 33 0 0 117
2 10 10 2 58
2 32 0 0 1
2 9 0 3 172
2 10 0 0 89
2 32 0 3 17
2 5 0 2 290
2 13 0 0 161
2 4 0 0 303
2 32 0 1 71
2 3 3 3 161
2 12 7 0 372
2 24 0 4 424
2 36 4 0 436
2 18 0 0 1
2 15 0 2 1
2 11 0 2 163
2 8 0 0 0
2 9 0 0 0
2 23 9 3 0
2 7 12 3 120
2 3 0 2 165
2 6 0 0 466
2 38 0 4 58
2 12 6 0 260
2 4 0 3 287
2 13 0 3 100
2 8 8 3 110
2 5 16 1 1
2 9 95 2 258
2 4 0 0 3
2 21 14 0 0
2 39 0 0 2
2 4 0 1 33
2 10 7 0 104
2 9 8 0 3
2 8 0 3 447
2 9 0 3 0
2 13 0 4 125
2 22 0 0 480
2 12 0 0 192
2 6 7 4 295
2 10 3 4 30
2 4 81 4 3
2 6 0 4 23
2 22 30 3 88
2 14 50 2 189
2 12 0 0 159
2 19 0 1 135
2 38 3 0 140
2 5 83 0 37
2 7 0 3 3
2 11 44 1 248
2 17 0 3 84
2 10 0 2 72
2 12 0 0 168
2 8 0 0 21
2 40 83 1 1
2 33 34 4 41
2 12 0 4 114
2 13 59 0 62
2 3 4 2 496
2 4 8 0 88
2 37 83 0 190
2 40 3 4 0
2 3 0 3 3
2 19 79 0 2
2 36 93 0 2
2 10 0 0 19
2 10 0 1 1
2 32 70 0 3
2 37 0 0 0
2 35 0 1 419
2 33 3 0 262
2 12 0 1 129
2 20 3 3 30
2 23 7 4 178
2 10 10 0 138
2 4 14 0 146
2 39 11 0 114
2 9 1 0 124
2 12 0 2 198
2 13 0 0 1
2 18 0 0 41
2 6 0 0 1
2 5 0 0 182
2 10 0 4 43
2 33 2 0 2
2 40 81 0 0
2 13 10 4 3
2 11 1 4 4
2 7 2 4 137
2 5 3 4 140
2 21 0 3 129
2 32 0 4 3
2 23 22 4 0
2 13 3 4 3
2 29 0 2 197
2 10 0 0 1
2 10 3 3 177
2 39 0 0 222
2 9 0 0 30
2 12 0 0 139
2 7 30 0 0
2 13 36 0 51
2 40 18 0 140
2 3 0 0 426
2 37 0 2 160
2 9 5 3 105
2 6 0 3 445
2 17 10 0 213
2 72 62 0 15
2 10 52 0 349
2 33 0 0 23
2 36 0 0 4
2 22 82 0 35
2 8 0 3 0
2 4 0 4 422
2 27 0 4 493
2 8 0 3 0
2 36 0 3 65
2 13 0 0 12
2 35 0 1 107
2 11 0 0 152
2 11 0 2 125
2 6 20 2 3
2 6 0 4 38
2 36 5 2 182
2 6 26 3 67
2 6 0 0 312
2 3 37 0 76
2 16 17 1 78
2 8 6 0 197
2 38 38 2 115
2 6 8 0 126
2 27 7 0 157
2 28 11 2 89
2 35 0 0 58
2 7 0 2 21
2 11 1 4 2
2 29 3 4 383
2 35 7 3 2
2 10 11 2 0
2 10 0 2 1
2 5 8 2 251
2 10 0 0 138
2 39 12 2 80
2 20 0 3 368
2 13 11 3 3
2 20 0 3 142
2 36 70 3 332
2 38 9 2 47
2 3 0 3 143
2 18 0 0 53
2 31 0 3 1
2 9 0 0 31
2 8 10 4 0
2 21 0 0 1
2 38 0 0 2
2 6 10 0 12
2 5 0 0 103
2 18 10 0 102
2 39 9 3 125
2 21 0 0 53
2 9 0 4 218
2 6 7 3 258
2 11 0 0 0
2 3 3 1 2
2 25 0 2 53
2 28 0 0 2
2 7 0 2 224
2 28 0 0 129
2 32 0 4 39
2 40 0 0 308
2 34 0 0 386
2 8 9 0 292
2 3 0 3 499
2 27 0 3 0
2 3 0 0 1
2 3 0 0 498
2 16 3 3 497
2 39 42 1 1
2 4 12 3 195
2 31 8 3 174
2 8 0 2 0
2 8 12 2 104
2 9 0 2 1
2 15 64 4 0
2 14 0 0 27
2 20 66 0 263
2 37 0 0 390
2 8 6 3 3
2 12 0 0 0
2 27 99 4 2
2 16 5 0 3
2 8 0 4 0
2 6 0 2 17
2 23 16 4 8
2 17 37 3 3
2 53 95 0 176
2 13 9 3 97
2 13 10 4 377
2 31 9 3 40
2 11 85 3 63
2 6 0 0 0
2 23 11 0 73
2 12 0 2 3
2 33 0 0 176
2 7 7 0 34
2 40 0 4 171
2 24 0 0 161
2 7 0 0 23
2 12 0 2 1
2 13 0 0 224
2 17 0 0 324
2 15 0 1 0
2 7 0 0 261
2 4 0 0 1
2 3 78 0 2
2 3 0 0 169
2 13 46 0 100
2 13 3 4 163
2 11 0 0 3
2 36 0 2 49
2 35 0 1 0
2 9 0 2 333
2 28 0 0 411
2 5 0 0 119
2 18 0 0 141
2 39 0 2 163
2 11 0 0 0
2 13 98 3 121
2 8 86 0 123
2 24 72 4 435
2 25 0 3 159
2 32 84 0 0
2 39 11 2 172
2 8 0 3 359
2 14 0 2 3
2 5 0 1 3
2 5 11 0 32
2 39 0 2 401
2 26 0 0 32
2 21 0 3 383
2 10 0 2 176
2 17 0 2 314
2 13 0 4 435
2 4 1 2 270
2 24 9 4 69
2 3 0 0 206
2 6 17 2 182
2 13 0 0 107
2 6 6 2 76
2 12 26 3 335
2 9 0 0 263
2 22 0 0 48
2 36 0 0 1
2 3 0 3 3
2 38 0 3 79
2 4 42 4 148
2 17 0 0 1
2 55 0 0 144
2 35 0 2 1
2 11 0 1 3
2 3 0 0 92
2 30 0 0 324
2 4 38 4 0
2 10 0 1 32
2 13 33 2 0
2 10 0 4 3
2 11 55 0 119
2 23 0 2 161
2 32 11 0 153
2 93 0 0 158
2 7 0 0 0
2 14 0 3 195
2 7 62 2 361
2 32 47 1 32
2 12 0 1 122
2 13 0 0 42
2 33 0 0 0
2 27 0 4 437
2 27 0 3 1
2 5 25 2 359
2 10 0 0 56
2 12 3 0 174
2 4 0 4 1
2 6 0 3 29
2 12 24 3 66
2 9 6 3 181
2 25 84 1 2
2 19 0 2 238
2 24 0 0 493
2 33 0 0 96
2 27 0 0 363
2 10 0 0 24
2 9 6 0 388
2 20 8 1 296
2 10 0 0 3
2 27 81 1 2
2 12 0 2 92
2 10 0 0 179
2 29 41 4 25
2 39 0 0 177
2 38 9 0 3
2 9 0 2 185
2 8 86 0 0
2 33 0 0 144
2 5 0 0 198
2 29 0 4 101
2 14 0 2 22
2 35 0 4 3
2 4 12 0 100
2 9 0 0 419
2 35 0 3 81
2 40 86 1 1
2 9 0 3 67
2 28 0 0 384
2 3 0 2 59
2 3 0 3 31
2 4 5 3 99
2 13 0 3 347
2 6 0 4 34
2 19 8 0 78
2 9 0 2 132
2 12 0 3 1
2 5 0 4 2
2 11 44 3 39
2 10 0 3 396
2 35 0 0 151
2 34 0 3 22
2 7 83 0 0
2 3 4 2 23
2 10 0 0 46
2 3 0 3 102
2 40 2 2 100
2 12 77 2 131
2 9 0 0 158
2 32 64 4 251
2 12 70 2 65
2 10 0 1 291
2 21 8 0 1
2 13 3 0 140
2 9 0 0 123
2 13 0 0 110
2 11 0 4 47
2 22 92 4 136
2 9 0 4 373
2 24 26 2 150
2 4 0 0 3
2 12 6 0 0
2 38 3 3 5
2 9 33 1 401
2 26 96 0 195
2 23 11 0 122
2 8 1 0 129
2 30 0 0 342
2 32 0 0 28
2 7 0 0 41
2 5 3 0 105
2 22 0 0 2
2 30 0 0 110
2 3 61 0 1
2 28 0 2 134
2 4 0 3 76
2 8 0 0 340
2 3 26 0 227
2 12 0 0 2
2 13 10 0 127
2 32 1 0 145
2 9 0 4 59
2 8 17 1 1
2 11 2 4 1
2 12 83 3 2
2 12 0 1 111
2 28 0 0 72
2 7 56 1 417
2 8 0 0 457
2 22 0 2 250
2 10 8 0 193
2 9 34 0 80
2 9 10 4 13
2 35 4 0 1
2 11 0 0 34
2 8 0 0 369
2 16 0 1 99
2 16 71 0 3
2 39 6 4 30
2 13 0 2 149
2 7 0 4 119
2 85 8 4 115
2 5 0 0 143
2 28 0 0 85
2 8 0 4 1
2 5 46 0 15
2 12 0 3 132
2 38 7 3 48
2 10 0 3 176
2 20 12 0 106
2 19 99 0 432
2 7 0 0 74
2 30 32 2 355
2 4 0 0 185
2 6 22 4 14
2 23 5 4 139
2 24 0 4 108
2 22 0 1 35
2 13 0 0 332
2 30 5 0 2
2 15 7 0 125
2 20 2 1 2
2 36 0 4 95
2 6 0 2 3
2 18 8 0 462
2 3 11 1 452
2 31 0 1 3
2 9 0 3 70
2 12 5 1 212
2 10 0 2 1
2 40 97 2 3
2 3 75 1 3
2 38 0 3 2
2 23 0 0 0
2 5 0 4 2
2 5 0 0 0
2 14 31 2 69
2 6 0 3 0
2 9 0 3 0
2 7 0 3 359
2 8 2 4 167
2 7 0 3 14
2 21 0 0 0
2 5 0 4 3
2 23 0 2 247
2 13 17 2 402
2 28 0 0 164
2 11 8 1 2
2 16 22 4 3
2 23 0 0 1
2 16 0 4 127
2 6 0 1 40
2 9 0 0 142
2 28 4 2 156
2 31 8 0 326
2 12 0 4 144
2 27 0 2 29
2 13 4 0 34
2 71 4 2 400
2 6 8 0 2
2 3 8 0 34
2 9 0 0 21
2 8 1 2 3
2 37 0 4 0
2 34 4 3 24
2 29 0 3 163
2 37 0 2 492
2 35 0 4 362
2 3 0 3 121
2 8 0 3 15
2 38 9 0 268
2 10 0 3 176
2 14 0 0 1
2 26 10 0 33
2 12 0 3 138
2 20 5 1 187
2 17 1 0 1
2 6 9 0 317
2 9 2 0 411
2 37 0 0 282
2 14 0 4 96
2 8 0 2 2
2 6 0 0 1
2 20 8 3 2
2 10 0 0 472
2 19 0 0 157
2 4 24 1 283
2 37 0 1 86
2 30 11 1 137
2 13 69 0 422
2 23 13 0 6
2 13 23 2 215
2 35 29 1 128
2 20 0 2 96
2 40 65 4 488
2 14 9 2 3
2 30 0 4 471
2 10 0 1 270
2 8 0 4 180
2 8 0 4 343
2 30 0 3 101
2 25 0 0 67
2 6 0 3 446
2 34 0 3 148
2 20 4 0 197
2 29 26 3 1
2 22 0 1 3
2 4 0 3 278
2 27 66 0 153
2 33 0 0 2
2 9 6 3 167
2 12 11 0 181
2 9 0 0 3
2 29 36 4 362
2 17 0 3 2
2 12 4 0 2
2 3 20 0 118
2 18 0 4 1
2 11 0 0 244
2 7 0 2 3
2 38 0 4 0
2 7 0 0 33
2 6 0 1 350
2 4 0 0 3
2 9 8 0 0
2 19 3 3 94
2 12 0 0 430
2 7 0 2 119
2 32 57 0 2
2 9 0 1 92
2 39 0 3 1
2 31 0 0 171
2 15 62 2 158
2 28 2 0 49
2 18 0 0 187
2 13 10 3 137
2 10 0 0 327
2 6 0 0 164
2 11 3 0 3
2 5 92 3 0
2 10 10 0 306
2 37 34 0 191
2 9 6 0 210
2 29 8 4 185
2 18 0 0 276
2 8 0 0 34
2 24 0 0 333
2 17 0 3 318
2 13 10 4 238
2 7 0 2 258
2 10 57 1 110
2 32 9 0 474
2 36 94 3 3
2 17 0 2 154
2 13 0 4 340
2 33 21 1 3
2 5 0 0 190
2 5 0 3 0
2 24 5 0 7
2 35 15 3 2
2 32 0 0 345
2 11 1 0 76
2 5 0 2 414
2 14 49 0 295
2 7 0 0 17
2 19 11 2 36
2 10 0 0 192
2 5 0 0 168
2 9 0 0 193
2 5 0 1 0
2 31 0 0 1
2 10 0 0 403
2 4 6 0 229
2 7 0 1 173
2 11 0 4 2
2 13 0 0 78
2 31 63 0 169
2 7 0 4 184
2 3 0 1 1
2 31 24 2 291
2 11 0 4 194
2 10 0 0 406
2 33 0 0 399
2 40 8 0 59
2 29 41 2 86
2 32 0 3 12
2 52 0 0 2
2 23 0 0 129
2 9 0 3 275
2 27 75 1 117
2 10 0 4 383
2 10 0 0 71
2 5 0 4 0
2 9 7 3 239
2 21 0 2 112
2 7 78 2 57
2 4 0 0 91
2 4 12 3 1
2 36 0 4 3
2 26 22 2 158
2 24 9 0 1
2 22 0 0 284
2 23 0 0 96
2 7 0 2 88
2 4 0 0 2
2 26 0 3 173
2 4 3 2 69
2 13 2 0 2
2 13 0 4 179
2 24 4 4 81
2 10 74 4 2
2 14 0 4 0
2 4 0 0 482
2 26 0 0 3
2 5 0 0 199
2 34 9 4 155
2 5 73 0 398
2 21 0 2 395
2 24 0 2 40
2 7 1 4 3
2 29 0 0 46
2 9 0 4 51
2 10 7 3 373
2 8 0 0 137
2 6 28 0 2
2 12 0 1 89
2 9 0 4 4
2 6 12 0 360
2 20 4 3 0
2 27 0 0 0
2 9 81 3 1
2 18 0 0 1
2 15 3 4 1
2 10 0 4 106
2 35 98 4 408
2 15 0 3 62
2 5 0 3 1
2 37 0 1 450
2 39 9 0 75
2 8 0 4 37
2 78 48 0 295
2 16 0 0 238
2 9 52 4 44
2 5 5 0 0
2 18 0 2 150
2 7 0 0 62
2 11 0 0 195
2 15 2 0 0
2 13 0 0 119
2 39 0 0 178
2 34 6 2 452
2 21 10 3 66
2 7 0 4 0
2 3 86 1 2
2 34 0 3 1
2 8 0 4 111
2 12 12 0 0
2 13 58 0 1
2 13 0 0 0
2 6 4 3 226
2 5 80 3 183
2 26 0 2 58
2 3 70 3 135
2 11 0 0 123
2 23 1 0 33
2 13 0 2 2
2 4 0 1 2
2 11 0 0 263
2 7 85 0 1
2 17 5 2 3
2 7 3 0 173
2 15 26 0 26
2 4 92 0 2
2 9 0 3 181
2 16 8 0 430
2 13 6 4 2
2 6 0 0 47
2 30 0 0 47
2 7 4 3 1
2 13 43 4 3
2 13 14 3 50
2 5 0 0 3
2 9 70 0 143
2 9 0 4 35
2 12 77 0 1
2 37 75 2 2
2 24 0 2 0
2 16 0 1 9
2 19 3 0 198
2 10 0 4 189
2 18 30 0 114
2 24 0 0 261
2 11 0 4 3
2 36 0 0 115
2 8 8 3 155
2 30 0 0 3
2 3 0 3 324
2 20 89 2 2
2 11 0 4 54
2 18 0 3 2
2 39 9 4 179
2 12 0 0 96
2 13 0 0 193
2 13 0 0 121
2 27 5 2 2
2 33 2 3 95
2 26 0 3 0
2 9 0 4 0
2 7 0 2 4
2 8 0 0 3
2 7 8 3 146
2 33 0 2 418
2 11 1 2 196
2 4 0 0 65
2 28 2 1 1
2 7 53 0 0
2 19 0 3 0
2 6 7 2 154
2 7 0 4 155
2 26 36 0 376
2 35 0 4 487
2 19 0 0 487
2 11 40 0 138
2 38 0 3 195
2 9 0 0 0
2 3 88 0 486
2 18 0 0 54
2 18 0 0 3
2 5 0 0 2
2 27 7 0 97
2 21 0 1 1
2 19 0 0 397
2 7 0 3 362
2 3 0 2 58
2 7 2 2 1
2 7 0 0 3
2 10 4 3 18
2 12 6 0 1
2 38 0 0 463
2 6 0 2 74
2 6 83 0 101
2 7 0 2 253
2 11 0 2 109
2 7 19 2 145
2 7 7 0 1
2 4 12 0 1
2 75 0 2 161
2 9 0 0 1
2 13 32 4 2
2 12 0 0 67
2 22 2 4 2
2 7 77 2 82
2 77 28 4 424
2 39 0 3 130
2 10 0 2 27
2 14 7 0 3
2 4 12 0 103
2 25 0 0 0
2 20 2 3 148
2 31 3 4 197
2 26 74 0 6
2 8 11 0 80
2 4 0 0 166
2 5 0 2 353
2 11 0 3 315
2 30 0 1 2
2 7 0 3 28
2 4 10 3 3
2 9 0 1 449
2 35 0 0 135
2 9 0 4 88
2 7 11 0 52
2 26 0 3 377
2 9 0 3 40
2 28 7 0 366
2 7 0 4 3
2 3 0 2 7
2 18 0 0 152
2 19 5 3 84
2 4 57 0 284
2 8 0 4 302
2 8 6 0 79
2 13 0 0 155
2 31 0 1 88
2 39 0 0 2
2 12 12 2 0
2 13 0 2 206
2 3 78 0 219
2 29 0 3 5
2 8 4 3 112
2 3 52 0 97
2 20 8 4 2
2 10 0 2 167
2 37 2 0 14
2 9 8 1 358
2 9 52 0 3
2 9 0 2 2
2 34 0 0 276
2 7 0 1 10
2 12 0 3 64
2 3 0 0 1
2 13 0 3 1
2 25 0 0 238
2 8 0 3 69
2 23 0 0 370
2 10 0 2 1
2 33 0 0 21
2 7 0 2 0
2 27 0 1 70
2 6 0 0 137
2 9 7 0 44
2 6 10 2 17
2 13 9 0 3
2 11 0 2 329
2 23 0 1 426
2 19 6 4 0
2 27 9 0 428
2 13 0 0 2
2 9 21 2 34
2 8 0 0 30
2 18 68 0 3
2 3 94 0 319
2 9 0 3 163
2 13 36 0 0
2 4 0 2 405
2 16 62 4 449
2 13 0 0 2
2 15 5 3 115
2 38 6 2 29
2 5 8 1 2
3 5 23 4 173
3 12 0 4 198
3 11 0 3 153
3 24 56 0 40
3 35 19 3 1
3 19 0 4 82
3 8 0 3 2
3 3 91 0 14
3 39 7 2 99
3 11 68 3 50
3 21 0 0 1
3 17 99 0 148
3 40 0 4 409
3 6 0 4 337
3 12 0 0 143
3 69 5 0 75
3 7 0 3 191
3 11 0 0 0
3 23 4 2 156
3 19 81 0 0
3 14 0 3 150
3 7 0 3 45
3 21 0 0 1
3 12 0 4 190
3 5 0 3 14
3 36 9 2 0
3 15 0 0 57
3 28 0 3 176
3 6 5 0 71
3 29 0 1 3
3 9 13 3 3
3 7 0 0 74
3 34 96 0 73
3 12 0 0 175
3 36 0 0 222
3 5 0 4 0
3 18 0 0 4
3 8 0 0 38
3 20 73 1 471
3 16 0 1 1
3 19 0 0 167
3 15 12 1 136
3 32 0 0 43
3 23 39 0 2
3 5 0 0 56
3 13 59 0 138
3 8 10 0 145
3 12 23 2 1
3 11 0 3 51
3 17 40 2 162
3 3 11 4 0
3 12 0 4 312
3 11 9 4 1
3 11 0 2 8
3 15 0 2 152
3 33 0 2 50
3 16 4 0 0
3 3 7 1 125
3 26 0 4 17
3 3 0 0 410
3 9 0 0 28
3 17 67 4 52
3 4 0 0 37
3 36 33 0 3
3 9 0 0 231
3 11 0 0 36
3 25 0 4 227
3 10 0 0 134
3 33 98 3 3
3 36 0 2 1
3 23 9 0 111
3 13 0 2 0
3 13 12 0 2
3 25 4 3 62
3 40 0 3 0
3 6 82 0 1
3 36 0 0 178
3 8 88 0 2
3 39 0 2 242
3 17 0 4 177
3 38 0 2 116
3 38 0 0 184
3 3 1 2 273
3 3 0 0 375
3 17 0 0 105
3 22 3 0 202
3 19 0 1 79
3 35 0 4 52
3 16 0 3 146
3 5 4 1 1
3 11 0 0 176
3 13 0 3 105
3 6 0 3 80
3 13 0 4 490
3 4 5 2 55
3 25 0 4 156
3 40 1 2 3
3 10 0 0 25
3 6 0 3 166
3 13 0 3 1
3 3 0 2 135
3 5 59 0 199
3 32 0 0 360
3 10 0 4 37
3 13 81 0 188
3 28 5 0 82
3 39 8 3 1
3 15 0 2 150
3 9 0 2 4
3 4 0 2 1
3 37 12 3 137
3 39 0 0 137
3 12 0 2 165
3 6 2 4 151
3 10 82 2 163
3 34 12 0 18
3 9 5 4 1
3 21 0 0 2
3 22 54 0 1
3 9 0 3 68
3 11 0 3 11
3 19 0 0 182
3 12 11 2 144
3 4 0 0 0
3 7 0 2 110
3 10 9 3 396
3 37 0 4 1
3 5 0 0 112
3 15 50 4 3
3 36 0 1 239
3 12 0 3 0
3 11 0 2 107
3 23 0 4 2
3 3 12 0 76
3 40 3 3 2
3 33 99 3 69
3 6 0 1 412
3 36 0 0 171
3 30 0 0 35
3 10 10 0 473
3 68 0 4 413
3 4 0 4 28
3 3 42 3 2
3 12 0 0 97
3 40 46 4 150
3 4 0 1 50
3 36 0 3 71
3 10 0 0 201
3 4 0 0 169
3 28 0 0 259
3 5 0 0 150
3 12 0 4 346
3 5 0 3 39
3 6 0 4 33
3 11 0 3 184
3 17 0 0 145
3 4 5 3 198
3 36 0 3 165
3 4 3 3 400
3 13 1 0 3
3 11 0 0 260
3 3 72 4 132
3 22 11 0 236
3 12 0 3 2
3 31 0 0 2
3 29 0 0 1
3 16 1 2 169
3 12 65 0 100
3 9 0 0 0
3 8 0 2 1
3 30 12 4 141
3 24 0 0 121
3 20 0 3 105
3 27 0 4 199
3 27 36 3 117
3 24 0 0 121
3 27 7 0 319
3 6 96 3 227
3 31 0 2 0
3 3 0 0 130
3 5 0 2 324
3 13 0 4 38
3 9 0 0 343
3 7 0 4 2
3 25 0 3 255
3 26 0 4 130
3 40 0 2 184
3 9 0 0 20
3 18 29 0 1
3 47 6 0 33
3 4 35 3 70
3 32 0 0 374
3 10 7 2 7
3 6 0 0 42
3 27 0 0 75
3 4 0 0 412
3 32 0 0 157
3 3 0 1 1
3 8 0 0 111
3 9 87 2 27
3 30 0 4 2
3 36 5 4 25
3 5 99 0 75
3 17 0 1 160
3 11 0 2 409
3 7 23 2 148
3 30 89 2 133
3 27 51 4 1
3 18 0 4 44
3 56 0 4 168
3 12 4 0 3
3 7 0 0 0
3 12 0 0 150
3 24 0 1 107
3 35 0 0 243
3 8 0 0 174
3 9 0 3 193
3 13 0 4 474
3 8 0 3 3
3 9 0 0 85
3 31 0 0 40
3 27 0 2 331
3 12 0 0 365
3 13 0 2 112
3 22 0 0 2
3 11 0 3 2
3 5 0 0 17
3 4 10 2 126
3 14 9 0 43
3 11 0 0 126
3 4 0 0 1
3 5 29 4 136
3 4 0 2 3
3 21 2 0 79
3 31 4 0 150
3 8 2 0 350
3 40 0 4 171
3 10 7 3 5
3 10 12 3 491
3 16 0 4 12
3 6 0 4 37
3 9 0 1 3
3 33 0 0 295
3 5 0 1 285
3 39 73 0 1
3 4 0 1 91
3 3 0 2 0
3 12 0 3 91
3 21 0 0 96
3 7 5 0 76
3 20 0 0 274
3 7 15 0 127
3 33 24 0 21
3 25 0 1 3
3 9 0 0 179
3 9 1 0 258
3 38 19 3 93
3 34 89 3 3
3 3 39 0 41
3 3 48 0 446
3 9 0 2 355
3 9 0 0 0
3 23 0 0 66
3 14 34 3 70
3 31 0 4 1
3 10 0 4 212
3 35 0 3 2
3 36 12 2 95
3 70 0 0 324
3 22 0 1 3
3 8 7 4 194
3 30 0 0 464
3 15 0 0 18
3 4 0 1 96
3 3 0 0 69
3 4 0 3 9
3 6 0 3 78
3 32 0 0 497
3 5 0 1 52
3 8 37 0 16
3 11 0 4 322
3 37 11 2 455
3 32 75 0 38
3 9 26 0 165
3 7 0 1 1
3 11 38 0 10
3 28 0 2 3
3 17 0 1 121
3 7 35 0 76
3 17 0 0 219
3 11 43 0 318
3 15 10 0 121
3 12 0 0 0
3 10 0 3 0
3 15 2 0 160
3 15 10 0 350
3 12 65 4 93
3 3 0 0 342
3 28 68 0 28
3 5 4 0 145
3 17 0 2 343
3 3 31 0 10
3 6 0 1 244
3 11 0 0 122
3 4 5 3 383
3 13 0 4 156
3 12 7 3 0
3 13 0 3 12
3 39 35 3 365
3 10 9 2 3
3 38 0 0 1
3 25 45 0 87
3 10 10 0 165
3 10 87 0 384
3 36 0 0 134
3 30 11 4 124
3 7 22 0 11
3 30 15 3 458
3 13 11 4 146
3 20 0 4 19
3 10 0 4 9
3 13 90 0 21
3 20 1 1 122
3 19 0 2 142
3 13 0 0 146
3 25 89 4 156
3 4 17 0 0
3 8 53 0 77
3 14 6 0 2
3 31 0 2 179
3 23 71 2 117
3 32 0 4 0
3 9 5 4 489
3 3 10 0 239
3 10 0 0 110
3 12 0 4 2
3 28 0 3 36
3 3 57 0 158
3 36 0 3 156
3 17 0 4 187
3 9 0 0 1
3 12 0 2 9
3 10 0 3 127
3 12 0 0 2
3 13 0 2 181
3 24 0 1 0
3 4 9 3 378
3 13 0 3 51
3 32 0 1 286
3 25 8 0 2
3 19 0 0 3
3 38 0 3 425
3 13 36 3 0
3 5 0 2 435
3 4 0 4 1
3 19 0 0 0
3 11 15 0 76
3 4 7 3 10
3 11 0 0 3
3 24 0 3 3
3 6 9 0 156
3 36 0 3 0
3 11 0 0 75
3 48 0 3 3
3 13 0 0 113
3 5 84 1 214
3 4 1 3 226
3 20 20 4 2
3 13 0 3 0
3 7 0 4 3
3 7 18 0 72
3 4 0 2 1
3 10 0 4 1
3 36 60 4 441
3 5 12 0 0
3 10 0 4 83
3 33 56 0 89
3 29 9 4 29
3 7 0 3 243
3 7 10 3 101
3 5 28 0 127
3 5 20 0 7
3 6 53 0 50
3 14 0 2 0
3 38 0 4 139
3 21 5 0 428
3 8 5 0 118
3 7 0 1 446
3 13 82 0 0
3 13 0 4 0
3 7 0 0 165
3 3 0 3 149
3 6 65 0 1
3 17 8 3 275
3 12 5 3 373
3 31 4 0 1
3 19 5 2 121
3 35 0 1 160
3 7 2 0 3
3 13 0 3 25
3 7 12 0 8
3 27 6 1 2
3 13 0 3 2
3 28 23 3 4
3 24 0 3 95
3 39 0 0 0
3 4 10 1 2
3 9 0 2 3
3 9 90 4 52
3 3 0 0 330
3 6 7 3 0
3 27 15 0 1
3 8 98 0 0
3 16 0 0 101
3 11 0 0 43
3 6 4 0 56
3 4 59 3 74
3 7 83 0 328
3 4 2 0 453
3 31 30 2 2
3 8 0 0 148
3 6 0 0 145
3 38 0 2 8
3 5 1 4 3
3 39 0 3 7
3 9 0 0 211
3 10 10 3 55
3 15 80 0 51
3 10 2 3 169
3 11 0 1 252
3 3 0 2 84
3 13 0 1 238
3 32 1 2 0
3 16 0 1 208
3 33 8 4 482
3 8 0 0 114
3 25 5 0 407
3 5 0 4 2
3 21 52 0 58
3 15 0 3 59
3 7 0 0 42
3 9 0 4 0
3 24 0 0 190
3 15 0 2 112
3 12 0 0 98
3 9 4 2 1
3 12 12 3 3
3 4 50 1 195
3 4 0 2 110
3 36 0 4 178
3 15 42 3 30
3 27 51 4 1
3 9 5 2 0
3 4 0 2 1
3 4 0 4 2
3 24 0 0 336
3 6 0 3 36
3 12 0 0 330
3 8 0 0 163
3 4 0 4 0
3 11 2 1 133
3 6 36 3 136
3 12 0 1 147
3 4 0 3 0
3 10 0 3 482
3 10 0 4 464
3 22 5 4 2
3 33 82 4 143
3 33 0 2 152
3 18 0 0 155
3 24 0 0 60
3 51 0 3 106
3 12 0 3 414
3 8 0 4 73
3 38 22 0 363
3 8 0 4 78
3 14 0 0 4
3 20 0 0 9
3 3 86 0 3
3 3 0 1 459
3 21 0 2 5
3 15 0 3 13
3 36 73 3 27
3 5 0 0 0
3 12 0 2 456
3 9 0 0 2
3 21 70 0 133
3 7 26 0 3
3 6 62 0 87
3 16 0 2 2
3 22 0 4 139
3 13 95 0 177
3 38 0 4 62
3 11 0 3 1
3 5 0 0 1
3 36 0 2 2
3 22 9 0 191
3 31 18 1 12
3 35 0 4 68
3 5 0 3 105
3 31 0 0 2
3 9 8 2 478
3 3 3 2 0
3 39 0 4 2
3 10 0 0 182
3 32 0 4 261
3 3 1 3 3
3 23 0 2 63
3 5 0 0 240
3 12 1 2 192
3 10 0 2 18
3 9 0 0 340
3 13 0 2 1
3 12 0 0 426
3 3 0 3 441
3 20 0 4 161
3 37 0 2 180
3 12 0 0 235
3 8 45 0 497
3 6 10 3 190
3 8 7 3 131
3 3 2 3 368
3 4 7 4 45
3 8 0 3 448
3 6 0 0 0
3 38 9 1 16
3 16 0 0 2
3 26 15 4 1
3 11 0 3 391
3 36 0 3 3
3 20 0 0 44
3 4 0 4 79
3 5 0 4 102
3 31 12 0 71
3 6 0 2 93
3 21 0 0 192
3 13 0 4 183
3 19 68 3 296
3 22 0 1 184
3 17 0 2 267
3 13 0 3 137
3 7 0 1 1
3 34 0 2 63
3 11 0 3 35
3 8 2 0 68
3 17 37 3 44
3 7 0 4 277
3 10 99 0 2
3 10 0 0 258
3 7 0 4 311
3 36 0 0 132
3 10 0 2 0
3 30 0 4 378
3 6 91 4 174
3 7 0 4 1
3 27 0 4 1
3 14 0 0 31
3 36 44 2 134
3 10 38 1 46
3 8 0 2 162
3 17 0 2 47
3 22 12 0 357
3 31 11 2 91
3 37 0 0 51
3 9 0 3 297
3 7 0 0 416
3 35 97 0 329
3 8 1 1 48
3 3 0 4 236
3 12 0 3 66
3 10 59 2 63
3 8 0 4 87
3 12 6 4 107
3 19 0 0 373
3 8 62 2 122
3 3 0 1 150
3 25 0 3 188
3 20 0 4 418
3 10 6 2 54
3 16 0 0 3
3 8 8 0 429
3 13 70 2 89
3 14 4 3 3
3 28 93 0 1
3 28 0 0 3
3 4 0 0 154
3 12 0 4 155
3 11 0 0 192
3 13 12 3 1
3 5 0 4 28
3 4 12 4 107
3 35 0 2 51
3 7 11 4 0
3 21 0 0 177
3 33 0 0 194
3 11 0 4 77
3 9 0 4 109
3 14 0 1 156
3 6 12 0 377
3 29 0 4 0
3 14 0 0 285
3 12 85 0 91
3 31 10 1 108
3 9 0 4 0
3 33 65 2 2
3 5 0 2 349
3 10 5 0 41
3 38 59 3 252
3 4 0 0 0
3 29 0 2 131
3 14 0 4 2
3 9 30 1 373
3 5 0 2 343
3 24 0 0 169
3 7 49 0 363
3 5 0 2 89
3 40 0 2 86
3 3 55 0 356
3 30 0 4 63
3 24 0 0 163
3 38 0 0 54
3 5 0 0 71
3 24 10 2 461
3 8 0 2 3
3 5 4 0 1
3 40 0 2 93
3 13 0 0 158
3 4 0 0 96
3 6 0 2 56
3 40 45 2 292
3 35 0 3 218
3 11 5 2 104
3 13 0 0 62
3 15 0 1 490
3 33 0 1 248
3 13 65 3 212
3 11 0 1 0
3 13 0 4 2
3 36 0 3 271
3 12 9 0 3
3 9 0 0 2
3 22 0 4 1
3 8 0 0 270
3 13 0 0 0
3 5 2 4 3
3 6 24 2 170
3 8 66 0 294
3 17 5 0 63
3 40 0 4 472
3 9 0 0 3
3 19 4 0 134
3 11 0 0 2
3 16 0 3 0
3 14 0 2 328
3 4 0 3 1
3 40 0 0 484
3 14 2 0 2
3 7 2 0 325
3 18 0 4 51
3 23 0 2 0
3 4 0 2 166
3 19 5 4 218
3 17 0 0 2
3 4 0 3 1
3 7 0 0 0
3 21 15 4 41
3 23 0 3 200
3 40 0 1 154
3 5 27 4 140
3 24 0 3 0
3 30 4 0 103
3 4 0 0 278
3 10 0 4 372
3 7 0 0 450
3 13 5 2 1
3 10 1 2 0
3 19 72 4 3
3 12 0 2 3
3 37 5 3 127
3 3 3 2 494
3 14 0 3 144
3 25 0 1 395
3 7 0 4 164
3 6 2 3 46
3 10 12 3 31
3 9 0 0 102
3 9 53 0 250
3 9 0 1 202
3 25 6 2 397
3 34 0 0 181
3 12 0 0 42
3 3 0 4 68
3 31 10 0 3
3 18 4 1 0
3 28 0 2 4
3 7 52 2 481
3 4 7 0 0
3 22 0 0 191
3 9 10 1 354
3 19 0 0 1
3 12 0 0 15
3 24 0 0 182
3 35 0 0 176
3 9 8 0 47
3 9 1 4 63
3 40 0 0 3
3 38 0 4 82
3 8 1 1 82
3 19 11 3 194
3 12 0 4 36
3 13 0 0 152
3 9 0 4 68
3 11 0 3 1
3 12 8 0 114
3 19 0 0 116
3 17 0 0 259
3 33 9 0 189
3 8 35 0 69
3 10 0 2 0
3 35 0 0 0
3 21 0 1 0
3 35 0 3 185
3 3 59 3 82
3 34 0 2 142
3 6 0 0 3
3 38 0 3 190
3 10 5 3 351
3 6 60 2 130
3 3 0 4 26
3 8 5 0 51
3 11 70 0 275
3 5 5 1 2
3 4 0 4 89
3 3 0 3 1
3 5 0 1 223
3 35 98 0 306
3 10 3 1 167
3 33 0 1 182
3 9 0 2 245
3 6 6 0 158
3 18 0 0 99
3 3 0 0 0
3 23 10 4 2
3 5 0 3 5
3 3 0 4 1
3 11 11 0 1
3 13 82 0 3
3 18 0 1 2
3 5 90 4 114
3 20 61 0 205
3 3 0 0 0
3 4 0 0 117
3 6 0 0 22
3 4 8 2 433
3 34 0 1 5
3 8 7 0 407
3 6 1 0 137
3 13 0 0 212
3 22 9 0 202
3 22 10 0 315
3 5 11 3 62
3 22 35 0 149
3 13 5 2 15
3 14 92 0 108
3 13 54 3 213
3 24 0 0 193
3 13 6 0 22
3 10 0 1 101
3 11 73 1 160
3 21 0 0 2
3 25 0 0 94
3 26 1 0 178
3 4 40 0 153
3 11 0 3 0
3 5 0 2 68
3 15 0 4 108
3 4 0 0 59
3 7 29 4 2
3 7 9 0 67
3 26 37 4 275
3 16 0 0 41
3 11 4 0 38
3 7 0 3 79
3 4 0 0 89
3 7 4 4 1
3 4 29 2 246
3 17 0 4 1
3 23 0 4 119
3 28 0 0 76
3 25 0 3 0
3 22 57 0 181
3 26 62 4 120
3 10 0 3 0
3 11 0 0 1
3 29 49 3 4
3 14 8 2 53
3 4 98 0 163
3 23 9 2 3
3 12 0 0 85
3 11 0 3 134
3 38 0 0 51
3 18 1 0 160
3 6 0 0 77
3 14 0 0 189
3 30 0 0 1
3 3 0 0 1
3 11 10 2 168
3 13 79 4 149
3 13 8 3 64
3 33 62 3 0
3 9 0 0 430
3 18 0 2 13
3 8 38 0 2
3 34 2 4 3
3 11 11 0 164
3 9 0 4 379
3 10 0 0 131
3 22 74 0 274
3 6 49 4 102
3 5 0 0 135
3 8 1 1 2
3 3 0 2 2
3 5 1 0 146
3 11 0 0 97
3 11 43 0 0
3 4 0 0 50
3 4 62 0 62
3 7 0 4 17
3 26 0 0 243
3 24 0 1 178
3 35 0 3 170
3 13 9 0 262
3 37 84 4 69
3 22 0 4 38
3 17 0 2 499
3 16 0 2 97
3 27 0 0 0
3 16 0 0 21
3 8 0 2 388
3 34 5 0 154
3 8 0 2 482
3 6 23 1 2
3 8 0 2 111
3 5 10 2 474
3 23 3 0 30
3 4 0 0 439
3 34 0 0 334
3 4 17 3 83
3 22 75 1 27
3 30 0 2 1
3 5 89 2 2
3 4 0 3 234
3 34 48 4 181
3 4 72 3 174
3 5 96 0 2
3 12 0 3 0
3 9 0 0 53
3 22 12 2 176
3 34 6 4 152
3 25 11 4 153
3 6 23 0 2
3 11 0 0 0
3 5 71 1 3
3 26 0 0 3
3 34 0 0 25
3 11 65 2 1
3 35 0 3 0
3 9 0 2 41
3 8 0 4 2
3 6 11 0 12
3 9 8 2 0
3 8 87 4 17
3 11 0 2 39
3 12 0 0 168
3 6 0 0 438
3 5 16 3 116
3 13 89 0 45
3 6 0 2 498
3 15 0 2 288
3 4 2 3 68
3 5 0 4 0
3 4 40 3 98
3 4 0 4 0
3 11 0 3 1
3 10 0 2 0
3 33 2 0 2
3 26 0 0 165
3 37 11 3 59
3 4 53 0 494
3 10 72 0 488
3 8 0 0 193
3 8 87 0 2
3 5 49 2 78
3 10 0 2 254
3 9 5 1 1
3 24 0 2 197
3 5 8 4 140
3 34 0 3 161
3 11 0 0 0
3 34 7 2 128
3 39 65 4 0
3 24 0 0 1
3 4 0 2 12
3 25 5 0 498
3 19 0 0 171
3 40 0 2 333
3 28 0 3 1
3 10 0 0 3
3 5 3 1 128
3 35 0 0 2
3 30 12 0 342
3 30 10 2 0
3 4 0 0 3
3 8 6 3 3
3 3 11 1 57
3 11 10 0 1
3 24 27 0 1
3 6 14 0 2
3 37 51 4 21
3 29 1 0 2
3 13 10 0 1
3 31 0 1 191
3 6 55 4 135
3 15 5 0 2
3 11 0 3 33
3 8 63 2 6
3 5 0 2 178
3 3 0 0 1
3 17 20 0 2
3 9 56 3 127
3 16 0 0 3
3 5 0 0 103
3 13 0 0 86
3 28 0 0 0
3 6 26 0 109
3 27 0 0 3
3 8 16 2 97
3 34 0 4 3
3 31 94 0 2
3 37 28 4 0
3 20 2 4 145
3 7 0 3 61
3 26 0 2 123
3 12 4 4 349
3 40 0 0 81
3 6 89 2 94
3 9 0 1 0
3 28 0 4 35
3 25 0 0 82
3 3 32 3 1
3 11 0 4 142
3 26 0 2 3
3 7 0 0 41
3 36 0 3 1
3 5 72 0 14
3 36 0 0 176
3 12 0 3 356
3 11 10 0 348
3 16 75 1 394
3 10 0 0 440
3 6 0 0 52
3 13 6 0 0
3 6 0 3 1
3 27 81 0 2
3 14 98 3 45
3 8 6 3 3
3 12 0 0 0
3 23 1 1 162
3 16 0 3 21
3 17 0 3 85
3 7 0 3 1
3 19 0 0 39
3 19 0 2 158
3 9 0 2 352
3 8 0 3 1
3 10 46 3 154
3 35 78 3 0
3 13 0 3 245
3 20 0 4 46
3 12 0 2 33
3 4 0 2 131
3 10 0 4 185
3 12 12 1 3
3 28 4 4 125
3 5 0 3 72
3 9 0 4 231
3 13 0 3 2
3 34 5 2 236
3 23 9 1 0
3 22 4 4 1
3 34 29 0 99
3 36 0 4 138
3 29 84 3 82
3 28 37 0 268
3 31 0 3 3
3 6 97 0 147
3 10 7 3 132
3 6 0 4 182
3 13 0 3 149
3 26 0 1 3
3 29 0 4 390
3 12 94 0 2
3 30 9 1 44
3 33 0 2 31
3 36 11 0 3
3 5 9 0 467
3 9 0 0 2
3 11 9 4 134
3 36 0 4 140
3 12 0 0 17
3 32 9 1 196
3 12 3 0 361
3 22 0 0 1
3 4 0 3 24
3 27 0 0 421
3 39 9 0 148
3 23 10 1 135
3 33 0 2 1
3 5 5 0 110
3 35 2 0 2
3 19 0 0 116
3 36 0 0 298
3 24 1 0 134
3 12 9 0 22
3 7 0 4 111
3 12 0 0 94
3 7 39 4 9
3 34 8 2 222
3 35 3 4 474
3 29 92 4 3
3 13 31 3 341
3 6 0 0 22
3 32 0 0 191
3 8 8 0 3
3 10 0 0 53
3 10 0 4 1
3 32 0 0 1
3 5 9 1 145
3 21 0 0 211
3 6 0 0 15
3 32 86 4 66
3 27 5 0 139
3 8 9 2 41
3 7 0 3 185
3 5 0 4 132
3 30 0 2 2
3 13 0 0 482
3 5 55 3 475
3 23 12 2 3
3 12 0 2 8
3 13 0 3 477
3 27 11 4 96
3 36 0 0 335
3 16 0 0 204
3 33 12 0 173
3 8 0 4 271
3 17 0 0 313
3 7 66 4 409
3 36 0 0 345
3 10 10 0 1
3 9 0 0 126
3 30 0 0 497
3 8 0 4 21
3 8 0 2 31
3 32 0 0 311
3 12 0 4 2
3 9 0 1 179
3 9 5 2 1
3 10 0 0 3
3 29 0 0 50
3 8 7 0 48
3 18 8 0 170
3 8 0 4 148
3 6 10 1 114
3 11 79 0 49
3 24 0 0 1
3 13 58 0 35
3 19 9 3 63
3 5 55 1 192
3 13 0 4 122
3 3 0 0 466
3 12 0 0 68
3 13 0 3 125
3 18 0 4 137
3 5 93 0 9
3 3 6 4 191
3 26 42 3 472
3 23 6 3 3
3 9 0 0 197
3 12 0 3 0
3 32 0 0 3
3 39 58 3 3
3 8 0 0 424
3 12 0 0 16
3 3 0 3 412
3 3 0 2 146
3 9 0 0 89
3 7 0 0 198
3 32 3 2 183
3 4 0 0 30
3 7 0 0 2
3 4 6 0 382
3 5 0 4 254
3 16 0 4 15
3 10 6 0 192
3 10 0 0 239
3 13 0 4 3
3 30 0 3 130
3 3 0 2 456
3 24 72 4 307
3 11 0 3 47
3 16 0 2 267
3 37 12 0 89
3 17 8 0 36
3 7 0 0 1
3 3 12 2 392
3 6 0 0 406
3 9 0 0 435
3 13 8 0 46
3 28 6 0 20
3 7 5 3 1
3 24 0 4 0
3 10 0 0 116
3 13 0 0 496
3 7 72 4 7
3 31 0 4 281
3 30 30 0 392
3 3 8 2 0
3 3 0 4 154
3 8 0 0 416
3 11 0 3 1
3 24 0 0 99
3 31 0 0 135
3 8 62 4 47
3 16 9 0 1
3 12 0 0 189
3 9 9 4 5
3 9 6 0 339
3 13 0 3 147
3 27 82 2 65
3 17 7 4 3
3 4 2 3 153
3 13 6 3 237
3 17 5 3 399
3 28 77 0 116
3 3 9 3 12
3 12 0 4 161
3 5 4 0 52
3 12 93 0 0
3 34 78 4 15
3 4 0 0 176
3 4 65 0 385
3 27 0 0 75
3 7 0 0 184
3 19 0 4 78
3 11 0 0 91
3 13 5 0 113
3 40 0 4 0
3 19 12 0 1
3 6 5 0 100
3 17 8 0 3
3 12 0 3 406
3 9 0 1 292
3 24 0 2 76
3 27 0 2 2
3 9 0 0 184
3 9 61 0 11
3 13 0 0 156
3 26 0 1 118
3 28 3 0 71
3 4 0 1 29
3 13 0 3 297
3 21 0 0 3
3 6 0 0 0
3 13 31 3 170
3 20 20 3 82
3 22 0 2 152
3 13 0 1 149
3 3 0 0 122
3 28 0 0 192
3 11 0 4 0
3 9 0 0 99
3 14 11 4 233
3 12 1 0 3
3 19 0 0 2
3 29 86 3 172
3 31 5 0 53
3 3 0 0 155
3 12 0 0 138
3 13 0 0 58
3 10 3 0 0
3 30 0 4 1
3 5 0 0 267
3 4 5 3 0
3 14 9 3 193
3 5 0 3 2
3 12 6 0 66
3 10 0 0 37
3 17 0 1 0
3 19 0 3 370
3 4 0 3 39
3 6 0 0 352
3 8 0 1 145
3 4 10 4 70
3 8 1 0 2
3 11 75 2 170
3 40 0 0 3
3 28 0 3 196
3 18 0 3 40
3 30 0 0 246
3 24 0 2 164
3 8 20 0 77
3 35 45 1 3
3 28 0 3 18
3 3 0 0 2
3 13 0 4 1
3 7 42 3 262
3 11 0 2 93
3 5 10 0 3
3 5 9 0 3
3 4 50 3 1
3 8 72 0 153
3 4 0 4 168
3 32 0 2 30
3 30 9 3 199
3 19 6 4 195
3 8 54 4 1
3 3 0 3 0
3 10 61 3 277
3 13 0 4 23
3 3 46 3 406
3 15 1 1 0
3 15 0 0 225
3 17 31 0 262
3 37 46 0 284
3 6 27 3 184
3 7 30 0 2
3 17 6 0 1
3 12 0 3 3
3 9 0 2 125
3 18 0 2 29
3 4 0 2 338
3 33 35 4 183
3 12 0 3 85
3 4 0 0 82
3 3 88 0 186
3 33 0 4 334
3 23 9 0 9
3 7 3 0 2
3 8 0 0 18
3 22 10 0 368
3 11 0 0 27
3 33 34 4 72
3 15 0 0 361
3 6 0 0 280
3 14 0 1 1
3 27 0 2 42
3 12 0 3 389
3 4 0 3 126
3 13 44 0 61
3 27 34 0 0
3 12 4 0 101
3 22 0 2 19
3 10 0 2 215
3 12 0 2 2
3 3 0 0 66
3 8 12 3 244
3 6 77 2 0
3 14 0 4 287
3 6 1 3 2
3 40 0 2 51
3 8 10 4 91
3 10 64 0 0
3 9 0 3 409
3 11 0 0 198
3 5 0 0 16
3 29 0 4 451
3 3 0 3 176
3 13 0 0 45
3 39 0 0 354
3 20 1 0 88
3 9 56 0 151
3 9 12 3 1
3 9 0 2 106
3 8 28 3 100
3 4 6 0 117
3 11 0 1 28
3 27 0 4 23
3 25 10 1 183
3 5 0 2 397
3 8 0 0 2
3 12 73 2 66
3 7 0 0 191
3 8 3 4 283
3 3 0 2 157
3 30 0 0 144
3 9 41 4 0
3 19 0 1 135
3 3 0 0 144
3 22 0 0 427
3 25 80 0 144
3 29 0 3 93
3 35 57 4 73
3 5 0 0 0
3 14 27 3 29
3 13 2 2 71
3 6 0 3 45
3 14 64 0 97
3 21 6 0 1
3 15 0 4 391
3 11 0 0 107
3 12 72 0 83
3 10 0 2 498
3 32 5 0 448
3 11 0 1 94
3 10 0 4 0
3 11 0 0 105
3 9 8 3 246
3 13 5 2 9
3 6 8 0 75
3 15 61 2 46
3 24 0 4 330
3 39 0 2 1
3 13 0 3 9
3 3 8 2 1
3 19 0 3 2
3 29 0 2 299
3 7 0 3 80
3 3 11 0 1
3 14 0 3 2
3 4 4 0 142
3 9 0 2 2
3 10 69 1 2
3 3 0 0 3
3 18 0 0 145
3 4 11 0 1
3 7 0 1 42
3 11 0 2 15
3 15 0 2 27
3 32 0 3 0
3 5 81 4 79
3 5 89 2 2
3 11 0 3 279
3 10 0 2 459
3 8 41 4 290
3 33 0 1 152
3 22 90 0 143
3 38 9 4 141
3 3 78 0 47
3 25 0 4 447
3 22 6 0 88
3 8 0 3 304
3 26 0 0 2
3 25 3 0 3
3 31 0 0 1
3 36 0 0 195
3 16 54 4 425
3 6 10 4 104
3 5 0 0 353
3 34 0 4 170
3 20 0 4 1
3 19 6 3 95
3 38 1 0 111
3 17 0 0 43
3 22 0 4 280
3 11 0 0 403
3 29 0 3 1
3 11 59 0 139
3 10 0 3 1
3 26 0 3 1
3 3 0 4 10
3 3 0 3 109
3 35 0 0 22
3 9 2 0 220
3 11 54 2 178
3 36 0 1 432
3 6 0 0 38
3 9 0 2 24
3 32 6 0 88
3 8 0 2 88
3 6 0 4 107
3 11 87 2 52
3 37 7 3 167
3 4 9 0 3
3 40 0 4 2
3 32 0 0 105
3 18 0 0 241
3 14 4 4 3
3 23 41 0 1
3 14 0 0 109
3 11 0 0 95
3 4 94 4 263
3 26 0 2 253
3 4 0 3 200
3 33 22 0 0
3 19 0 0 189
3 16 20 0 196
3 34 0 2 192
3 24 0 4 160
3 11 0 2 29
3 5 0 3 3
3 9 4 2 105
3 13 10 3 74
3 29 0 0 92
3 20 29 3 183
3 5 60 1 54
3 16 0 0 117
3 39 0 0 45
3 9 0 0 195
3 3 0 3 409
3 13 0 2 3
3 10 0 1 9
3 5 0 4 89
3 35 4 2 57
3 31 12 3 3
3 11 75 4 182
3 27 7 2 92
3 3 0 4 1
3 37 26 1 91
3 13 0 0 2
3 38 0 0 0
3 4 17 2 459
3 8 0 0 43
3 16 2 2 89
3 32 0 0 121
3 4 7 0 236
3 11 7 3 488
3 21 0 0 10
3 32 85 4 0
3 12 0 4 3
3 9 4 3 258
3 9 0 0 149
3 6 23 4 181
3 29 86 2 74
3 18 0 4 95
3 36 0 1 257
3 3 0 3 468
3 37 9 3 244
3 13 0 4 120
3 13 11 0 2
3 4 0 1 2
3 35 0 0 231
3 4 0 3 98
3 3 0 1 88
3 3 0 0 1
3 9 0 0 412
3 10 0 2 0
3 25 7 0 0
3 3 35 0 127
3 40 0 0 162
3 5 54 0 136
3 17 7 2 3
3 6 11 3 175
3 10 0 0 354
3 13 0 4 199
3 38 0 3 1
3 9 0 3 0
3 10 88 1 2
3 7 0 0 296
3 32 0 3 34
3 7 0 3 4
3 23 0 2 25
3 22 1 0 12
3 34 0 3 80
3 4 61 4 58
3 21 0 1 317
3 3 0 0 180
3 9 0 0 196
3 11 0 0 3
3 11 11 3 176
3 37 3 4 0
3 5 0 0 163
3 9 12 4 2
3 17 7 4 113
3 25 85 3 95
3 40 2 0 88
3 10 87 0 1
3 30 11 0 180
3 14 0 1 194
3 4 2 0 51
3 15 6 0 1
3 4 0 2 409
3 14 0 0 115
3 98 0 4 26
3 23 0 3 2
3 13 0 3 331
3 5 0 0 2
3 10 0 0 362
3 6 0 0 0
3 7 0 3 129
3 3 49 4 2
3 36 0 0 196
3 22 3 2 2
3 26 6 0 2
3 13 0 0 57
3 3 0 0 69
3 33 0 3 3
3 6 11 4 152
3 16 0 3 167
3 30 0 0 316
3 38 12 0 146
3 16 0 0 326
3 3 0 4 217
3 32 0 1 156
3 11 0 0 2
3 34 0 2 165
3 18 0 2 3
3 49 0 3 3
3 10 96 0 144
3 24 0 0 421
3 7 0 3 332
3 36 10 2 3
3 39 12 0 63
3 40 15 0 2
3 11 4 0 116
3 30 0 2 79
3 36 0 0 354
3 37 39 1 76
3 14 0 2 43
3 3 0 3 104
3 35 0 0 179
3 5 6 0 232
3 10 0 3 193
3 8 0 0 70
3 34 0 2 176
3 28 0 2 0
3 13 33 3 0
3 18 0 3 413
3 39 77 3 169
3 13 0 0 14
3 23 0 2 43
3 39 0 0 389
3 6 9 0 155
3 28 0 0 0
3 39 0 0 2
3 3 3 3 62
3 40 56 0 181
3 4 0 2 36
3 5 0 0 3
3 13 12 0 208
3 27 2 3 75
3 5 1 4 73
3 4 22 0 191
3 7 0 0 108
3 25 91 2 1
3 37 0 0 0
3 6 0 4 41
3 12 0 0 2
3 5 7 4 1
3 23 2 3 222
3 4 0 2 377
3 7 0 2 85
3 40 65 1 265
3 10 8 4 204
3 33 0 0 103
3 32 60 0 10
3 16 9 2 1
3 11 0 1 107
3 4 0 0 465
3 26 5 0 2
3 26 0 3 50
3 10 0 0 82
3 19 0 3 30
3 14 0 3 65
3 7 0 1 388
3 8 0 4 90
3 10 0 0 164
3 7 0 0 1
3 21 89 4 189
3 8 0 0 1
3 9 0 4 1
3 12 0 0 2
3 7 0 4 104
3 38 12 0 56
3 3 40 4 441
3 19 0 2 2
3 29 9 3 284
3 11 0 0 385
3 6 0 2 2
3 3 88 0 328
3 37 49 0 25
3 5 0 0 86
3 20 0 3 3
3 4 0 2 0
3 12 29 4 30
3 31 0 0 197
3 19 7 3 181
3 62 0 0 2
3 22 5 3 229
3 6 0 4 81
3 9 0 2 426
3 8 66 0 24
3 12 0 0 0
3 40 10 3 450
3 28 3 0 0
3 23 0 0 499
3 9 9 0 86
3 22 0 2 191
3 13 49 4 3
3 3 0 4 144
3 31 0 0 0
3 8 0 3 187
3 10 0 0 200
3 34 0 2 157
3 4 0 3 132
3 7 4 4 79
3 38 0 4 180
3 3 0 4 2
3 20 4 4 2
3 5 59 3 106
3 8 0 4 0
3 16 0 0 0
3 9 0 0 3
3 30 0 2 3
3 20 0 0 66
3 9 1 0 483
3 10 12 3 139
3 25 56 0 40
3 22 32 2 0
3 21 0 0 68
3 12 54 2 130
3 5 0 3 70
3 27 0 0 35
3 8 88 4 460
3 23 0 3 2
3 33 0 4 375
3 16 0 1 11
3 21 0 3 45
3 17 62 2 0
3 16 29 3 67
3 19 12 1 251
3 15 0 0 142
3 23 9 4 291
3 8 0 4 115
3 5 0 3 0
3 20 0 0 449
3 4 46 0 60
3 8 0 0 375
3 9 10 4 93
3 24 1 4 156
3 12 11 0 120
3 5 0 4 32
3 6 60 2 105
3 10 85 3 3
3 21 0 0 0
3 13 0 2 1
3 4 0 0 2
3 38 7 0 272
3 14 7 4 85
3 3 0 4 1
3 4 0 0 78
3 10 9 0 281
3 6 5 4 6
3 16 66 3 221
3 6 4 4 300
3 10 49 3 153
3 24 0 2 0
3 30 11 2 254
3 17 0 4 30
3 4 0 1 28
3 10 0 0 43
3 5 1 3 2
3 10 0 0 184
3 3 0 0 1
3 14 2 0 152
3 28 0 3 194
3 27 10 0 53
3 7 0 0 51
3 3 0 2 57
3 4 97 1 151
3 13 3 3 158
3 7 0 1 53
3 5 0 4 81
3 8 1 0 3
3 8 0 0 0
3 5 0 0 60
3 13 90 4 53
3 30 0 4 169
3 5 86 2 155
3 16 0 2 389
3 5 27 2 272
3 31 4 4 32
3 6 0 0 18
3 36 0 0 75
3 6 0 3 59
3 3 0 0 2
3 9 5 0 0
3 29 0 0 69
3 17 0 0 173
3 6 36 4 196
3 13 0 0 352
3 7 0 1 44
3 37 7 4 3
3 5 0 0 30
3 6 0 0 186
3 40 58 0 38
3 5 0 4 27
3 7 27 0 113
3 6 0 4 241
3 13 0 1 27
3 9 0 2 195
3 6 6 3 1
3 5 0 0 1
3 5 8 1 47
3 16 6 1 2
3 32 0 4 455
3 37 0 4 250
3 19 7 4 16
3 9 0 3 248
3 8 0 0 1
3 19 0 0 42
3 3 80 0 3
3 83 58 4 0
3 4 38 2 152
3 21 0 4 146
3 24 0 4 307
3 13 41 3 89
3 4 0 3 31
3 13 0 2 323
3 8 12 2 135
3 23 7 2 343
3 4 0 2 187
3 11 85 4 129
3 5 85 3 31
3 34 0 0 415
3 13 0 3 14
3 30 0 0 1
3 25 7 4 151
3 13 0 2 47
3 35 0 0 22
3 7 0 0 421
3 38 23 2 52
3 19 6 3 1
3 22 10 0 20
3 29 0 3 3
3 15 0 4 196
3 10 0 3 175
3 3 0 0 88
3 32 0 1 77
3 10 0 2 147
3 6 0 4 223
3 3 0 0 1
3 11 0 0 169
3 10 91 2 51
3 7 0 3 437
3 12 0 0 115
3 4 0 2 183
3 8 0 4 373
3 4 0 0 485
3 16 0 3 353
3 25 0 3 128
3 33 6 3 3
3 21 2 3 1
3 13 0 0 2
3 9 0 0 101
3 11 0 4 338
3 7 0 3 96
3 31 5 0 60
3 3 0 3 2
3 20 0 4 0
3 4 20 0 3
3 12 10 3 197
3 10 0 3 49
3 3 1 3 156
3 23 83 2 245
3 17 43 0 0
3 10 0 0 318
3 33 0 2 159
3 29 0 2 0
3 26 10 2 93
3 25 0 3 0
3 3 0 4 426
3 20 0 0 108
3 7 0 0 0
3 27 27 0 359
3 15 0 3 2
3 38 0 4 144
3 11 50 4 2
3 15 0 2 1
3 11 12 0 14
3 4 0 3 2
3 10 0 0 137
3 27 0 2 168
3 5 0 0 68
3 26 20 0 173
3 12 36 2 75
3 7 62 2 3
3 19 0 1 150
3 10 0 0 9
3 10 0 2 0
3 39 8 0 131
3 26 34 3 243
3 32 0 4 160
3 22 32 0 0
3 23 0 3 45
3 12 68 3 26
3 19 1 4 455
3 10 4 3 21
3 3 0 2 168
3 10 7 4 158
3 9 0 0 254
3 21 0 3 2
3 3 0 0 0
3 10 9 4 411
3 23 0 4 15
3 12 0 2 2
3 3 6 0 173
3 7 0 0 1
3 4 0 0 182
3 13 9 0 80
3 18 5 0 125
3 15 12 0 446
3 7 0 3 0
3 4 0 0 141
3 9 0 4 301
3 23 28 1 34
3 7 12 0 25
3 13 0 4 341
3 21 10 3 100
3 9 0 3 452
3 7 0 4 157
3 26 0 0 89
3 3 0 2 44
3 13 43 3 480
3 16 0 0 61
3 17 83 2 30
3 16 0 1 238
3 3 0 1 0
3 14 8 0 1
3 6 45 0 1
3 7 93 0 56
3 10 42 1 0
3 9 8 0 36
3 11 0 2 282
3 6 0 0 200
3 6 0 0 53
3 12 45 4 53
3 34 0 2 136
3 30 0 0 122
3 25 0 2 7
3 8 0 2 3
3 11 9 0 1
3 13 4 0 3
3 6 22 0 3
3 4 0 0 220
3 3 7 4 375
3 11 0 1 184
3 30 9 0 137
3 40 0 4 74
3 40 7 0 41
3 7 4 2 101
3 18 0 0 57
3 13 0 3 62
3 38 0 0 3
3 6 0 0 67
3 24 11 2 98
3 7 0 1 181
3 40 0 1 3
3 8 1 2 66
3 12 0 0 1
3 5 0 4 38
3 12 0 1 269
3 24 0 4 49
3 15 21 3 88
3 9 0 3 327
3 22 0 4 179
3 6 0 0 457
3 22 0 3 3
3 23 0 0 153
3 10 0 3 308
3 17 0 0 476
3 4 0 3 0
3 36 0 2 2
3 24 85 3 13
3 7 0 3 326
3 18 0 0 3
3 57 0 3 349
3 9 0 4 21
3 5 0 0 2
3 39 0 0 1
3 6 5 3 0
3 5 0 0 397
3 11 0 0 245
3 13 0 1 66
3 5 0 0 154
3 6 0 0 155
3 7 0 0 78
3 3 0 0 2
3 32 0 0 497
3 39 0 2 292
3 30 0 4 301
3 11 0 0 0
3 34 0 0 250
3 11 0 3 0
3 17 2 4 0
3 12 68 0 3
3 18 0 3 3
3 6 11 2 156
3 15 91 2 82
3 7 0 0 100
3 3 0 4 1
3 6 1 0 77
3 8 0 0 0
3 10 0 2 172
3 33 0 1 196
3 3 0 4 63
3 3 0 3 128
3 33 0 2 383
3 35 0 0 25
3 9 0 3 321
3 11 0 3 191
3 4 0 0 92
3 10 90 1 22
3 16 67 4 2
3 11 0 4 189
3 4 55 0 164
3 4 0 0 194
3 5 46 0 2
3 19 62 0 465
3 12 0 3 139
3 6 1 3 315
3 9 0 0 165
3 8 0 0 14
3 5 2 3 140
3 25 46 4 107
3 11 1 3 183
3 38 3 0 119
3 5 11 3 7
3 10 8 0 145
3 23 0 4 3
3 21 0 0 372
3 35 0 0 1
3 28 0 3 92
3 12 82 0 225
3 11 44 3 184
3 16 0 1 450
3 9 12 4 168
3 33 20 0 84
3 4 0 0 128
3 17 0 3 171
3 12 12 2 105
3 12 49 0 235
3 9 0 4 1
3 8 5 3 56
3 11 97 0 490
3 11 8 1 0
3 30 0 4 1
3 36 64 3 52
3 36 42 3 3
3 35 0 4 29
3 24 0 1 25
3 11 0 0 0
3 36 0 4 277
3 4 78 2 35
3 13 0 3 1
3 40 58 3 121
3 3 0 0 16
3 35 10 2 164
3 16 24 0 352
3 25 32 4 54
3 28 0 0 2
3 6 46 2 47
3 23 0 1 2
3 8 0 4 163
3 23 0 0 19
3 24 0 3 87
3 33 0 3 78
3 14 7 0 3
3 7 7 4 103
3 23 21 0 30
3 22 68 2 16
3 35 11 4 388
3 12 1 4 2
3 7 61 3 122
3 12 0 3 482
3 16 4 2 3
3 12 0 0 2
3 10 81 0 3
3 9 0 0 3
3 6 45 0 3
3 12 8 4 127
3 3 0 4 5
3 15 0 0 117
3 8 12 0 112
3 12 0 0 1
3 17 0 3 149
3 36 15 3 192
3 12 0 1 1
3 6 0 0 183
3 10 0 0 2
3 12 7 0 32
3 24 96 0 2
3 9 3 0 174
3 37 0 0 129
3 33 87 2 184
3 9 0 4 304
3 5 4 0 126
3 10 0 2 173
3 9 0 4 3
3 13 7 4 1
3 5 8 0 102
3 4 0 4 244
3 7 0 0 2
3 7 0 4 306
3 6 0 0 43
3 9 10 0 160
3 11 7 2 7
3 35 91 0 30
3 10 12 0 13
3 14 0 2 89
3 18 3 0 13
3 8 0 0 340
3 11 0 0 307
3 9 0 3 0
3 37 9 0 128
3 24 0 3 3
3 12 26 3 3
3 7 8 4 38
3 6 32 0 105
3 15 96 4 128
3 5 0 1 491
3 11 0 3 172
3 9 74 0 166
3 15 8 4 2
3 12 0 2 104
3 7 0 3 359
3 37 0 3 352
3 8 0 4 445
3 4 48 0 295
3 10 0 0 9
3 5 0 4 2
3 34 0 2 108
3 35 17 2 181
3 10 0 1 197
3 13 92 3 2
3 6 0 0 57
3 19 2 4 148
3 39 0 4 292
3 39 0 0 139
3 6 0 0 142
3 20 18 0 37
3 29 0 4 0
3 3 34 0 2
3 18 0 2 113
3 18 0 0 1
3 13 4 3 134
3 12 91 4 164
3 9 31 4 2
3 12 0 2 150
3 13 70 4 365
3 4 0 0 381
3 10 0 2 74
3 9 0 0 2
3 10 0 2 115
3 14 0 0 175
3 29 0 0 168
3 12 0 0 384
3 30 0 3 107
3 3 0 0 2
3 31 0 0 325
3 39 96 0 73
3 36 0 4 2
3 6 0 4 196
3 7 0 0 3
3 14 0 4 179
3 6 0 0 1
3 18 9 3 2
3 22 0 2 370
3 8 5 0 93
3 36 0 2 7
3 20 0 0 106
3 3 96 2 87
3 5 74 2 189
3 9 3 3 338
3 31 0 0 2
3 3 6 0 29
3 8 98 4 2
3 16 0 3 100
3 11 6 4 1
3 10 0 4 24
3 28 97 0 0
3 26 8 4 3
3 23 15 2 83
3 39 0 3 50
3 24 4 0 2
3 25 0 4 423
3 3 0 0 173
3 22 0 0 169
3 34 9 2 1
3 40 30 4 2
3 29 0 4 81
3 52 0 4 1
3 30 1 0 418
3 5 92 3 488
3 29 0 2 84
3 11 3 0 103
3 13 7 3 55
3 28 27 0 498
3 4 0 4 358
3 10 2 4 414
3 12 0 0 138
3 30 0 0 0
3 38 0 3 265
3 6 55 0 145
3 10 0 0 68
3 8 0 1 0
3 7 0 3 1
3 9 0 4 420
3 9 3 0 354
3 7 0 4 164
3 25 14 0 3
3 8 31 2 148
3 30 2 0 186
3 37 0 2 96
3 16 0 3 5
3 11 0 0 160
3 6 10 3 25
3 9 0 1 73
3 26 3 3 113
3 40 33 0 198
3 24 0 0 46
3 22 6 0 313
3 8 10 0 1
3 7 33 3 28
3 37 2 3 4
3 39 0 4 167
3 26 11 3 103
3 18 85 0 3
3 11 0 0 1
3 6 4 2 331
3 12 26 3 46
3 16 15 3 55
3 10 11 0 59
3 7 0 3 210
3 10 86 2 1
3 26 0 1 315
3 31 71 4 433
3 9 22 4 387
3 13 75 3 198
3 9 0 0 386
3 11 0 2 6
3 14 1 3 79
3 8 23 4 123
3 28 0 0 2
3 35 62 2 0
3 4 0 0 3
3 28 0 0 3
3 4 2 0 194
3 6 7 0 49
3 33 75 0 416
3 7 2 2 111
3 11 10 4 0
3 10 0 3 197
3 3 0 3 122
3 10 0 3 187
3 35 77 0 308
3 34 0 0 1
3 14 0 1 0
3 15 0 3 51
3 3 0 3 187
3 20 24 1 91
3 32 0 0 86
3 15 0 4 3
3 12 0 0 68
3 8 3 0 425
3 4 0 4 2
3 12 0 3 1
3 8 0 3 77
3 6 73 1 15
3 11 98 0 3
3 23 0 3 452
3 37 0 0 15
3 18 0 4 401
3 8 11 0 459
3 5 6 3 1
3 6 0 2 336
3 11 88 0 3
3 18 46 0 227
3 25 23 1 0
3 35 3 3 125
3 38 0 2 58
3 19 0 0 3
3 15 0 4 1
3 3 0 0 106
3 39 0 0 283
3 3 0 4 2
3 4 77 0 0
3 6 0 3 473
3 6 21 3 459
3 9 0 0 361
3 34 0 0 353
3 24 7 1 0
3 19 28 3 1
3 18 87 0 70
3 19 0 0 481
3 7 0 0 42
3 11 0 4 80
3 26 0 4 423
3 4 40 3 454
3 38 0 3 230
3 3 87 1 121
3 13 85 2 73
3 40 0 0 98
3 31 12 0 2
3 12 98 2 130
3 5 0 3 2
3 11 9 2 349
3 45 7 0 3
3 17 0 0 180
3 8 0 0 17
3 8 0 3 229
3 9 8 4 457
3 28 7 4 178
3 31 86 1 305
3 3 64 0 352
3 4 0 2 102
3 24 83 2 46
3 11 15 4 179
3 3 5 1 119
3 3 10 0 17
3 40 28 0 1
3 6 82 0 0
3 7 0 2 252
3 5 48 4 3
3 5 0 0 200
3 5 0 0 21
3 14 89 3 3
3 9 71 0 186
3 4 0 0 58
3 21 0 1 2
3 23 11 1 140
3 9 0 0 460
3 40 30 0 216
3 18 0 3 191
3 15 0 2 62
3 10 2 4 98
3 8 0 2 138
3 36 2 0 462
3 9 3 4 60
3 19 0 1 488
3 13 0 0 0
3 7 0 0 1
3 3 0 0 185
3 35 2 0 355
3 22 0 4 235
3 8 0 2 232
3 8 0 3 184
3 36 0 4 434
3 11 0 4 27
3 29 0 2 1
3 4 0 3 159
3 19 93 3 28
3 31 0 3 170
3 6 2 3 54
3 5 0 2 175
3 10 11 0 187
3 13 88 4 178
3 38 5 3 25
3 4 0 1 231
3 38 0 1 175
3 13 0 4 184
3 4 76 2 2
3 30 61 0 0
3 9 0 4 181
3 4 0 3 0
3 4 0 0 208
3 17 0 0 461
3 11 0 0 55
3 7 5 2 110
3 10 0 0 238
3 13 0 2 1
3 34 0 0 30
3 36 6 0 373
3 21 0 4 134
3 6 5 4 72
3 12 10 0 90
3 15 10 3 0
3 37 0 0 2
3 8 0 4 0
3 5 0 0 0
3 31 11 2 45
3 26 0 2 0
3 5 0 0 161
3 19 0 4 3
3 13 0 4 157
3 3 45 2 18
3 28 40 1 400
3 6 8 3 0
3 8 0 0 176
3 16 9 3 23
3 22 0 4 2
3 4 4 4 0
3 9 9 1 2
3 6 1 3 0
3 12 0 0 281
3 19 0 3 190
3 30 0 2 372
3 9 0 2 289
3 11 0 2 218
3 15 50 3 3
3 10 0 0 3
3 15 0 3 154
3 7 10 2 16
3 9 0 4 177
3 5 0 0 3
3 12 9 0 88
3 3 10 0 442
3 13 0 0 363
3 12 7 0 3
3 17 5 0 87
3 30 7 0 3
3 11 0 1 190
3 19 42 0 130
3 15 72 4 87
3 5 1 0 311
3 7 0 3 461
3 23 0 0 107
3 8 0 0 0
3 6 0 0 184
3 7 0 0 179
3 11 0 3 159
3 6 0 3 115
3 13 0 3 2
3 38 0 3 494
3 20 7 4 1
3 16 7 4 144
3 11 0 2 0
3 39 0 2 0
3 13 2 4 112
3 12 4 0 333
3 9 10 3 73
3 17 47 2 38
3 5 54 1 2
3 51 19 0 2
3 16 0 3 3
3 29 0 0 114
3 38 0 0 3
3 28 0 0 196
3 23 0 0 380
3 23 0 0 13
3 4 0 4 481
3 13 0 2 84
3 6 0 3 0
3 6 0 1 56
3 19 0 1 449
3 26 0 4 188
3 12 0 1 114
3 9 0 0 10
3 13 0 0 100
3 9 9 3 1
3 6 1 0 168
3 11 0 0 95
3 17 0 2 428
3 3 0 0 465
3 7 0 0 113
3 5 0 0 3
3 37 0 0 45
3 37 0 1 188
3 22 0 4 2
3 31 0 3 170
3 11 0 3 176
3 9 0 0 3
3 6 0 3 3
3 39 0 2 0
3 25 0 0 98
3 12 0 0 3
3 27 0 3 2
3 11 0 1 184
3 5 18 3 368
3 30 5 0 1
3 12 0 0 78
3 7 0 0 2
3 7 0 0 323
3 25 10 0 43
3 25 0 3 403
3 13 12 0 1
3 15 0 2 178
3 18 0 0 105
3 7 0 4 148
3 37 0 3 75
3 3 0 3 0
3 36 48 0 3
3 14 0 4 491
3 13 1 4 120
3 10 5 2 2
3 25 65 0 1
3 3 78 0 352
3 13 0 3 28
3 12 0 0 39
3 13 0 3 477
3 16 0 1 3
3 39 0 4 141
3 12 5 2 0
3 4 71 4 290
3 6 69 2 98
3 8 0 0 0
3 9 0 2 2
3 3 0 0 69
3 9 4 3 24
3 27 0 4 32
3 13 0 4 474
3 7 0 0 144
3 10 0 0 48
3 8 73 2 171
3 8 0 2 478
3 10 78 3 172
3 12 0 3 110
3 4 0 0 2
3 4 9 2 184
3 8 0 1 183
3 13 0 0 131
3 5 0 0 314
3 39 58 3 96
3 3 0 4 119
3 35 89 0 2
3 34 5 2 455
3 28 0 0 67
3 12 2 0 6
3 21 0 0 245
3 5 0 0 136
3 9 97 3 65
3 20 0 2 2
3 7 0 4 2
3 8 0 0 2
3 13 10 3 0
3 7 0 3 191
3 32 0 0 132
3 35 4 0 1
3 12 11 2 56
3 11 7 2 29
3 36 9 1 28
3 15 0 0 141
3 19 0 0 3
3 40 0 0 185
3 28 21 3 84
3 27 0 0 133
3 9 12 3 336
3 3 0 2 256
3 5 0 0 11
3 7 8 3 305
3 19 10 2 199
3 18 2 4 135
3 5 0 0 59
3 39 0 0 67
3 27 0 1 354
3 13 2 3 276
3 18 0 0 1
3 5 1 1 1
3 24 0 2 0
3 31 0 3 110
3 8 4 0 382
3 13 0 0 3
3 6 0 0 131
3 18 0 1 287
3 24 0 4 91
3 10 0 0 412
3 6 0 3 350
3 33 11 0 451
3 16 0 3 357
3 12 0 4 79
3 9 0 2 194
3 12 33 0 495
3 22 0 0 2
3 8 0 0 174
3 4 0 0 13
3 7 12 0 298
3 36 70 2 344
3 9 9 0 89
3 25 0 0 3
3 13 0 0 0
3 8 10 2 73
3 6 0 2 190
3 4 63 3 2
3 20 4 0 323
3 3 1 0 183
3 5 0 2 11
3 12 0 2 250
3 38 0 4 60
3 10 0 4 486
3 21 2 3 208
3 20 0 0 0
3 28 0 2 129
3 11 1 3 2
3 11 0 0 15
3 3 4 0 247
3 17 0 3 3
3 24 0 2 473
3 37 2 0 14
3 9 2 3 382
3 5 0 2 0
3 5 23 0 108
3 40 0 1 433
3 8 59 0 172
3 5 0 0 113
3 12 99 3 3
3 5 0 4 3
3 16 0 0 254
3 34 0 1 2
3 11 0 2 193
3 4 0 0 111
3 29 0 2 0
3 13 0 0 449
3 4 0 4 1
3 15 4 4 0
3 16 0 1 197
3 34 0 2 399
3 12 31 0 222
3 7 89 0 407
3 10 0 3 312
3 7 9 1 3
3 12 0 0 1
3 13 0 0 38
3 25 4 1 136
3 9 0 0 3
3 24 0 1 80
3 29 0 0 498
3 22 0 0 214
3 9 9 4 24
3 29 0 2 158
3 33 0 0 26
3 4 0 0 0
3 18 34 3 2
3 13 9 0 462
3 4 0 3 92
3 5 0 1 0
3 32 0 3 2
3 19 0 2 103
3 8 6 2 163
3 22 52 0 1
3 27 0 3 179
3 83 0 3 0
3 4 0 2 0
3 10 0 0 282
3 4 0 0 186
3 9 87 3 45
3 28 71 3 149
3 23 0 0 104
3 22 0 0 140
3 12 0 4 71
3 8 0 0 3
3 11 0 3 169
3 9 0 3 22
3 6 87 2 363
3 12 1 0 483
3 10 0 0 36
3 3 0 2 75
3 4 0 0 1
3 24 0 4 99
3 9 1 2 95
3 32 0 0 1
3 9 10 0 256
3 31 23 0 256
3 20 0 0 86
3 4 0 3 0
3 15 13 0 36
3 8 0 4 26
3 3 0 4 401
3 4 44 2 187
3 90 8 0 144
3 11 0 0 2
3 34 5 4 3
3 12 10 0 189
3 12 18 0 197
3 8 0 0 340
3 34 0 1 3
3 15 0 2 165
3 5 12 0 3
3 29 47 3 168
3 18 0 1 152
3 4 0 0 174
3 37 8 0 25
3 13 0 3 0
3 8 77 3 5
3 4 0 0 132
3 16 0 0 2
3 30 0 2 2
3 31 0 2 3
3 12 22 1 114
3 19 3 2 101
3 7 7 2 323
3 12 0 0 251
3 16 0 0 15
3 13 0 0 0
3 8 2 4 59
3 9 0 3 49
3 5 66 0 86
3 3 0 3 92
3 5 0 0 70
3 12 0 4 483
3 10 0 0 481
3 33 0 1 108
3 4 0 0 2
3 23 7 1 11
3 26 7 4 78
3 35 46 2 33
3 37 0 1 440
3 10 0 0 160
3 22 2 0 184
3 5 0 0 0
3 25 0 3 186
3 8 41 0 366
3 12 30 1 108
3 9 0 4 77
3 18 46 0 331
3 26 0 3 140
3 24 65 2 402
3 8 0 0 2
3 3 0 3 15
3 9 0 0 489
3 11 0 4 49
3 36 8 1 94
3 6 58 4 256
3 25 0 0 59
3 14 9 4 0
3 8 0 2 7
3 27 0 3 50
3 10 0 0 1
3 11 97 3 323
3 10 42 4 3
3 10 0 0 3
3 9 0 1 2
3 6 9 1 106
3 10 74 0 0
3 24 0 0 435
3 32 0 2 368
3 34 0 4 1
3 5 0 0 195
3 6 62 0 221
3 16 0 0 2
3 3 0 3 61
3 30 24 2 337
3 16 0 4 68
3 35 52 3 17
3 24 0 0 148
3 28 0 4 141
3 35 0 0 101
3 10 4 3 277
3 3 0 0 54
3 19 3 4 124
3 15 99 4 2
3 37 0 3 1
3 24 0 0 0
3 30 0 0 0
3 10 0 0 13
3 30 0 0 92
3 7 32 0 1
3 27 0 1 123
3 12 0 3 60
3 30 0 3 370
3 34 0 0 395
3 10 74 4 14
3 6 0 1 92
3 28 1 0 12
3 6 0 0 163
3 40 0 0 38
3 8 0 0 199
3 22 0 0 2
3 33 0 0 163
3 8 0 0 262
3 18 0 3 179
3 22 0 2 43
3 12 0 3 116
3 11 0 0 69
3 17 98 2 358
3 17 0 4 2
3 4 3 2 3
3 17 0 0 99
3 21 0 0 84
3 10 19 2 303
3 10 0 0 2
3 13 0 0 362
3 11 0 0 76
3 5 0 4 0
3 3 0 0 0
3 19 29 0 3
3 16 0 3 91
3 22 0 2 176
3 35 0 0 326
3 31 0 2 2
3 7 0 0 1
3 7 0 3 1
3 8 0 2 153
3 12 0 3 32
3 4 0 4 197
3 32 0 4 155
3 10 0 3 38
3 15 0 2 14
3 7 0 3 63
3 35 48 4 20
3 11 2 1 182
3 6 3 0 209
3 26 0 3 313
3 8 9 3 153
3 4 0 4 124
3 38 58 0 40
3 17 48 1 396
3 22 0 1 349
3 10 0 3 139
3 22 0 0 326
3 20 50 0 488
3 8 61 4 3
3 13 2 4 96
3 18 0 1 172
3 92 60 3 188
3 28 0 0 492
3 22 0 3 191
3 6 9 3 107
3 5 0 0 86
3 8 0 4 2
3 31 12 4 231
3 5 18 0 109
3 11 0 2 105
3 36 0 0 0
3 12 0 2 62
3 14 6 0 327
3 11 0 2 162
3 6 37 2 1
3 33 90 3 323
3 13 0 1 241
3 4 0 0 95
3 11 0 0 3
3 19 79 3 154
3 38 8 2 6
3 24 0 0 161
3 22 8 2 94
3 24 4 1 76
3 17 12 2 131
3 37 2 0 443
3 10 15 4 120
3 10 0 2 46
3 22 0 3 151
3 8 0 0 410
3 9 93 4 396
3 9 6 0 72
3 5 3 2 128
3 11 9 0 148
3 6 98 0 1
3 18 7 4 48
3 6 0 0 74
3 29 0 1 3
3 5 3 0 36
3 9 0 0 22
3 10 7 3 130
3 3 7 0 2
3 7 5 0 0
3 11 0 0 45
3 26 0 0 3
3 3 11 0 201
3 28 9 0 140
3 10 39 0 2
3 27 99 0 87
3 34 3 4 92
3 14 0 3 171
3 5 94 0 0
3 25 0 3 431
3 17 0 3 49
3 9 0 2 157
3 40 0 1 2
3 23 65 4 0
3 10 11 3 146
3 8 20 4 131
3 4 0 3 0
3 4 0 0 0
3 4 77 2 245
3 9 87 0 180
3 13 10 3 190
3 7 0 0 462
3 16 0 0 3
3 38 17 0 314
3 21 5 2 114
3 7 0 0 477
3 8 11 0 318
3 10 44 0 1
3 4 69 3 189
3 24 7 3 2
3 26 0 0 76
3 13 0 0 0
3 6 91 1 129
3 24 89 1 184
3 35 0 2 2
3 37 0 0 287
3 26 0 4 52
3 13 11 0 105
3 24 0 1 423
3 33 56 0 22
3 11 19 0 440
3 31 0 0 119
3 14 21 4 135
3 26 58 2 24
3 19 0 3 3
3 4 60 3 132
3 8 0 0 3
3 19 50 0 122
3 35 59 4 2
3 23 0 4 91
3 5 0 1 0
3 13 3 1 62
3 6 85 2 140
3 38 98 1 128
3 5 0 2 107
3 5 0 2 105
3 9 4 0 57
3 17 0 0 464
3 5 1 3 86
3 9 0 0 423
3 18 63 3 205
3 9 0 3 60
3 40 0 0 36
3 5 0 0 218
3 5 81 0 0
3 7 46 3 88
3 30 0 4 367
3 11 0 0 125
3 39 0 0 191
3 25 0 0 143
3 10 94 0 162
3 4 0 0 310
3 12 5 4 240
3 4 8 0 40
3 11 0 0 154
3 7 0 3 0
3 37 0 1 237
3 10 50 0 39
3 35 84 0 1
3 4 0 0 119
3 4 13 0 385
3 3 0 2 290
3 13 0 3 159
3 10 0 4 90
3 5 26 0 245
3 12 0 2 132
3 13 8 4 457
3 39 0 3 2
3 18 8 3 213
3 20 63 2 360
3 8 84 4 27
3 40 0 1 41
3 30 2 2 0
3 5 0 4 134
3 35 2 3 0
3 7 0 2 2
3 9 0 2 385
3 6 0 0 421
3 7 0 3 3
3 8 55 3 32
3 5 3 3 2
3 33 6 3 3
3 23 80 0 404
3 4 9 0 28
3 9 67 4 108
3 6 9 3 88
3 35 0 3 410
3 20 0 2 424
3 21 0 4 73
3 8 1 4 1
3 5 0 0 18
3 22 8 4 397
3 3 0 0 3
3 16 0 2 409
3 13 12 1 395
3 31 0 0 2
3 36 0 0 1
3 24 0 0 138
3 8 0 0 289
3 34 0 3 473
3 20 37 0 136
3 8 0 2 2
3 33 16 0 127
3 37 0 1 2
3 12 0 1 46
3 11 0 3 155
3 31 2 2 3
3 7 6 4 3
3 11 4 0 0
3 7 0 0 91
3 24 65 0 56
3 8 0 1 97
3 4 2 2 60
3 7 94 0 122
3 14 96 4 149
3 6 82 0 1
3 25 0 0 3
3 9 24 0 271
3 7 0 4 69
3 18 0 0 257
3 20 4 0 0
3 8 0 0 203
3 35 0 2 2
3 17 57 0 3
3 12 0 0 101
3 9 9 3 276
3 19 0 4 2
3 12 0 0 2
3 6 0 2 70
3 11 53 3 146
3 17 41 4 197
3 3 0 2 195
3 13 0 0 96
3 11 0 0 52
3 3 10 0 178
3 7 0 1 323
3 6 88 2 60
3 29 0 3 78
3 10 0 0 3
3 16 0 3 24
3 22 0 0 3
3 12 91 4 3
3 30 2 1 175
3 10 95 2 2
3 11 0 2 454
3 30 0 3 193
3 7 0 0 23
3 13 0 2 61
3 27 0 2 68
3 26 9 1 1
3 18 11 1 109
3 7 46 2 1
3 39 0 0 1
3 7 0 4 118
3 35 0 0 0
3 12 0 0 327
3 15 0 0 1
3 9 0 0 2
3 8 0 0 442
3 14 0 0 91
3 9 0 2 1
3 19 0 3 2
3 28 68 3 87
3 19 0 0 3
3 16 0 3 174
3 13 33 0 37
3 11 50 3 0
3 34 0 0 66
3 11 0 4 32
3 10 0 3 68
3 9 69 1 157
3 7 0 3 3
3 20 19 2 5
3 13 0 0 3
3 34 98 0 78
3 40 11 4 89
3 6 0 2 135
3 6 0 2 185
3 26 0 3 222
3 4 0 2 55
3 10 12 0 162
3 8 0 1 1
3 37 0 3 437
3 8 0 3 165
3 33 42 1 405
3 24 0 0 2
3 24 0 3 135
3 15 7 0 2
3 6 0 2 1
3 21 0 4 380
3 35 8 0 45
3 5 0 4 105
3 23 0 0 3
3 26 1 0 85
3 28 34 3 488
3 7 0 2 4
3 37 0 0 89
3 7 11 1 166
3 3 0 2 4
3 6 0 0 112
3 9 31 3 186
3 11 0 0 42
3 38 0 3 263
3 26 14 0 340
3 34 0 1 3
3 9 0 0 181
3 26 73 0 156
3 13 0 2 381
3 32 0 0 1
3 12 3 0 117
3 10 2 3 342
3 8 0 4 165
3 21 12 0 3
3 27 0 0 0
3 6 0 0 423
3 34 0 0 422
3 12 19 0 2
3 3 0 0 82
3 6 0 2 31
3 21 1 0 379
3 29 7 0 96
3 28 0 3 237
3 11 0 4 422
3 18 6 2 59
3 24 0 0 184
3 5 0 0 191
3 9 0 2 3
3 22 5 4 85
3 8 33 3 165
3 9 57 0 45
3 6 0 4 3
3 31 0 4 30
3 3 67 0 86
3 7 0 4 27
3 28 0 1 191
